time x y z pitch mu rL Rc
0 1.61405e-07 0.1 2.5284e-07 1.47145 4.48746e-23 5.63008e-08 1.02512
6e-11 -2.24035e-08 0.1 1.56226e-07 1.47145 4.48746e-23 5.63009e-08 1.02512
1.2e-10 5.63128e-08 0.1 -3.23641e-08 1.47145 4.48746e-23 5.63008e-08 1.02512
1.8e-10 2.60219e-07 0.1 2.63968e-08 1.47145 4.48746e-23 5.63008e-08 1.02512
2.4e-10 2.33563e-07 0.1 2.40287e-07 1.47145 4.48746e-23 5.63008e-08 1.02512
3e-10 2.28515e-08 0.1 2.46434e-07 1.47145 4.48746e-23 5.63009e-08 1.02512
3.6e-10 -4.29112e-09 0.1 4.44101e-08 1.47145 4.48746e-23 5.63008e-08 1.02512
4.2e-10 1.99491e-07 0.1 -3.01909e-09 1.47145 4.48746e-23 5.63009e-08 1.02512
4.8e-10 2.78662e-07 0.1 1.97193e-07 1.47145 4.48746e-23 5.63008e-08 1.02512
5.4e-10 9.50943e-08 0.100001 3.06037e-07 1.47145 4.48746e-23 5.63009e-08 1.02512
6e-10 -3.09453e-08 0.100001 1.43912e-07 1.47145 4.48746e-23 5.63009e-08 1.02512
6.6e-10 1.20442e-07 0.100001 3.97247e-09 1.47145 4.48746e-23 5.63008e-08 1.02512
7.2e-10 2.85134e-07 0.100001 1.40666e-07 1.47145 4.48746e-23 5.63008e-08 1.02512
7.8e-10 1.75795e-07 0.100001 3.25803e-07 1.47145 4.48746e-23 5.63008e-08 1.02512
8.4e-10 -1.68129e-08 0.100001 2.46676e-07 1.47145 4.48746e-23 5.63009e-08 1.02512
9e-10 4.33503e-08 0.100001 5.16338e-08 1.47145 4.48746e-23 5.63008e-08 1.02512
9.6e-10 2.51319e-07 0.100001 9.12604e-08 1.47145 4.48746e-23 5.63008e-08 1.02512
1.02e-09 2.44253e-07 0.100001 3.06718e-07 1.47145 4.48746e-23 5.63008e-08 1.02512
1.08e-09 3.44811e-08 0.100001 3.32398e-07 1.47145 4.48746e-23 5.63008e-08 1.02512
1.14e-09 -1.20121e-08 0.100001 1.33795e-07 1.47145 4.48746e-23 5.63008e-08 1.02512
1.2e-09 1.8589e-07 0.100001 6.77054e-08 1.47145 4.48746e-23 5.63008e-08 1.02512
1.26e-09 2.8291e-07 0.100001 2.59732e-07 1.47145 4.48746e-23 5.63008e-08 1.02512
1.32e-09 1.0978e-07 0.100001 3.85147e-07 1.47145 4.48746e-23 5.63008e-08 1.02512
1.38e-09 -3.14442e-08 0.100001 2.35439e-07 1.47145 4.48746e-23 5.63008e-08 1.02512
1.44e-09 1.05629e-07 0.100001 8.2098e-08 1.47145 4.48746e-23 5.63009e-08 1.02512
1.5e-09 2.81851e-07 0.100002 2.02953e-07 1.47145 4.48746e-23 5.63008e-08 1.02512
1.56e-09 1.8977e-07 0.100002 3.97448e-07 1.47145 4.48746e-23 5.63008e-08 1.02512
1.62e-09 -9.96175e-09 0.100002 3.36548e-07 1.47145 4.48746e-23 5.63008e-08 1.02512
1.68e-09 3.11246e-08 0.100002 1.36802e-07 1.47145 4.48746e-23 5.63008e-08 1.02512
1.74e-09 2.41346e-07 0.100002 1.57001e-07 1.47145 4.48746e-23 5.63008e-08 1.02512
1.8e-09 2.53933e-07 0.100002 3.72202e-07 1.47145 4.48746e-23 5.63009e-08 1.02512
1.86e-09 4.6925e-08 0.100002 4.17245e-07 1.47145 4.48746e-23 5.63008e-08 1.02512
1.92e-09 -1.85144e-08 0.100002 2.23842e-07 1.47145 4.48746e-23 5.63009e-08 1.02512
1.98e-09 1.71785e-07 0.100002 1.39717e-07 1.47145 4.48746e-23 5.63008e-08 1.02512
2.04e-09 2.85812e-07 0.100002 3.21939e-07 1.47145 4.48746e-23 5.63008e-08 1.02512
2.1e-09 1.24625e-07 0.100002 4.62886e-07 1.47145 4.48746e-23 5.63008e-08 1.02512
2.16e-09 -3.05554e-08 0.100002 3.26948e-07 1.47145 4.48746e-23 5.63009e-08 1.02512
2.22e-09 9.10114e-08 0.100002 1.61591e-07 1.47145 4.48746e-23 5.63008e-08 1.02512
2.28e-09 2.7723e-07 0.100002 2.65608e-07 1.47145 4.48745e-23 5.63008e-08 1.02512
2.34e-09 2.03208e-07 0.100002 4.6782e-07 1.47145 4.48746e-23 5.63008e-08 1.02512
2.4e-09 -1.90966e-09 0.100002 4.25729e-07 1.47145 4.48746e-23 5.63009e-08 1.02512
2.46e-09 1.97422e-08 0.100002 2.23068e-07 1.47145 4.48746e-23 5.63008e-08 1.02512
2.52e-09 2.30388e-07 0.100003 2.23714e-07 1.47145 4.48746e-23 5.63009e-08 1.02512
2.58e-09 2.62517e-07 0.100003 4.36837e-07 1.47145 4.48746e-23 5.63008e-08 1.02512
2.64e-09 6.00751e-08 0.100003 5.00903e-07 1.47145 4.48746e-23 5.63008e-08 1.02512
2.7e-09 -2.37416e-08 0.100003 3.14434e-07 1.47145 4.48746e-23 5.63008e-08 1.02512
2.76e-09 1.57301e-07 0.100003 2.13058e-07 1.47145 4.48746e-23 5.63008e-08 1.02512
2.82e-09 2.87341e-07 0.100003 3.83941e-07 1.47145 4.48745e-23 5.63008e-08 1.02512
2.88e-09 1.395e-07 0.100003 5.39244e-07 1.47145 4.48746e-23 5.63008e-08 1.02512
2.94e-09 -2.82865e-08 0.100003 4.18311e-07 1.47145 4.48746e-23 5.63008e-08 1.02512
3e-09 7.67156e-08 0.100003 2.42428e-07 1.47145 4.48746e-23 5.63008e-08 1.02512
3.06e-09 2.71311e-07 0.100003 3.28753e-07 1.47145 4.48746e-23 5.63008e-08 1.02512
3.12e-09 2.15992e-07 0.100003 5.36974e-07 1.47145 4.48746e-23 5.63008e-08 1.02512
3.18e-09 7.27338e-09 0.100003 5.14109e-07 1.47145 4.48746e-23 5.63009e-08 1.02512
3.24e-09 9.30213e-09 0.100003 3.10348e-07 1.47145 4.48746e-23 5.63008e-08 1.02512
3.3e-09 2.18539e-07 0.100003 2.91487e-07 1.47145 4.48746e-23 5.63008e-08 1.02512
3.36e-09 2.69932e-07 0.100003 5.0073e-07 1.47145 4.48746e-23 5.63008e-08 1.02512
3.42e-09 7.38169e-08 0.100003 5.83312e-07 1.47145 4.48746e-23 5.63008e-08 1.02512
3.48e-09 -2.7648e-08 0.100003 4.05451e-07 1.47145 4.48746e-23 5.63009e-08 1.02512
3.54e-09 1.42562e-07 0.100004 2.87756e-07 1.47145 4.48746e-23 5.63008e-08 1.02512
3.6e-09 2.87484e-07 0.100004 4.45864e-07 1.47145 4.48746e-23 5.63008e-08 1.02512
3.66e-09 1.54276e-07 0.100004 6.14225e-07 1.47145 4.48746e-23 5.63008e-08 1.02512
3.72e-09 -2.46572e-08 0.100004 5.094e-07 1.47145 4.48745e-23 5.63008e-08 1.02512
3.78e-09 6.28663e-08 0.100004 3.24573e-07 1.47145 4.48746e-23 5.63008e-08 1.02512
3.84e-09 2.64146e-07 0.100004 3.92506e-07 1.47145 4.48746e-23 5.63008e-08 1.02512
3.9e-09 2.28012e-07 0.100004 6.04975e-07 1.47145 4.48746e-23 5.63008e-08 1.02512
3.96e-09 1.75075e-08 0.100004 6.01587e-07 1.47145 4.48746e-23 5.63008e-08 1.02512
4.02e-09 -1.0479e-10 0.100004 3.9855e-07 1.47145 4.48746e-23 5.63008e-08 1.02512
4.08e-09 2.05903e-07 0.100004 3.60397e-07 1.47145 4.48746e-23 5.63008e-08 1.02512
4.14e-09 2.76113e-07 0.100004 5.63991e-07 1.47145 4.48746e-23 5.63008e-08 1.02512
4.2e-09 8.80309e-08 0.100004 6.64422e-07 1.47145 4.48746e-23 5.63008e-08 1.02512
4.26e-09 -3.01997e-08 0.100004 4.96768e-07 1.47145 4.48746e-23 5.63009e-08 1.02512
4.32e-09 1.27696e-07 0.100004 3.6383e-07 1.47145 4.48746e-23 5.63008e-08 1.02512
4.38e-09 2.8624e-07 0.100004 5.07839e-07 1.47145 4.48746e-23 5.63008e-08 1.02512
4.44e-09 1.68824e-07 0.100004 6.87844e-07 1.47145 4.48746e-23 5.63008e-08 1.02512
4.5e-09 -1.96991e-08 0.100004 6.0009e-07 1.47145 4.48746e-23 5.63008e-08 1.02512
4.56e-09 4.95842e-08 0.100005 4.07978e-07 1.47145 4.48746e-23 5.63008e-08 1.02512
4.62e-09 2.55796e-07 0.100005 4.5698e-07 1.47145 4.48746e-23 5.63008e-08 1.02512
4.68e-09 2.39163e-07 0.100005 6.71901e-07 1.47145 4.48746e-23 5.63008e-08 1.02512
4.74e-09 2.87037e-08 0.100005 6.8807e-07 1.47145 4.48746e-23 5.63008e-08 1.02512
4.8e-09 -8.39664e-09 0.100005 4.87575e-07 1.47145 4.48746e-23 5.63008e-08 1.02512
4.86e-09 1.9259e-07 0.100005 4.30514e-07 1.47145 4.48746e-23 5.63008e-08 1.02512
4.92e-09 2.81006e-07 0.100005 6.26737e-07 1.47145 4.48746e-23 5.63008e-08 1.02512
4.98e-09 1.02593e-07 0.100005 7.44196e-07 1.47145 4.48746e-23 5.63008e-08 1.02512
5.04e-09 -3.13744e-08 0.100005 5.88259e-07 1.47145 4.48746e-23 5.63008e-08 1.02512
5.1e-09 1.12834e-07 0.100005 4.41285e-07 1.47145 4.48746e-23 5.63008e-08 1.02512
5.16e-09 2.8362e-07 0.100005 5.69994e-07 1.47145 4.48746e-23 5.63008e-08 1.02512
5.22e-09 1.83017e-07 0.100005 7.60128e-07 1.47145 4.48746e-23 5.63008e-08 1.02512
5.28e-09 -1.34552e-08 0.100005 6.90261e-07 1.47145 4.48746e-23 5.63008e-08 1.02512
5.34e-09 3.69848e-08 0.100005 4.92587e-07 1.47145 4.48746e-23 5.63008e-08 1.02512
5.4e-09 2.46336e-07 0.100005 5.22281e-07 1.47145 4.48746e-23 5.63008e-08 1.02512
5.46e-09 2.49347e-07 0.100005 7.37835e-07 1.47145 4.48746e-23 5.63008e-08 1.02512
5.52e-09 4.07647e-08 0.100005 7.73473e-07 1.47145 4.48746e-23 5.63009e-08 1.02512
5.58e-09 -1.55012e-08 0.100006 5.77316e-07 1.47145 4.48746e-23 5.63008e-08 1.02512
5.64e-09 1.78715e-07 0.100006 5.01893e-07 1.47145 4.48746e-23 5.63008e-08 1.02512
5.7e-09 2.84568e-07 0.100006 6.89091e-07 1.47145 4.48746e-23 5.63008e-08 1.02512
5.76e-09 1.17378e-07 0.100006 8.22607e-07 1.47145 4.48746e-23 5.63008e-08 1.02512
5.82e-09 -3.11617e-08 0.100006 6.79796e-07 1.47145 4.48746e-23 5.63008e-08 1.02512
5.88e-09 9.81034e-08 0.100006 5.20115e-07 1.47145 4.48746e-23 5.63008e-08 1.02512
5.94e-09 2.79647e-07 0.100006 6.32455e-07 1.47145 4.48745e-23 5.63008e-08 1.02512
6e-09 1.96733e-07 0.100006 8.31115e-07 1.47145 4.48747e-23 5.63009e-08 1.02512
6.06e-09 -5.97978e-09 0.100006 7.79795e-07 1.47145 4.48746e-23 5.63008e-08 1.02512
6.12e-09 2.51777e-08 0.100006 5.7833e-07 1.47145 4.48746e-23 5.63008e-08 1.02512
6.18e-09 2.35846e-07 0.100006 5.8851e-07 1.47145 4.48746e-23 5.63008e-08 1.02512
6.24e-09 2.58475e-07 0.100006 8.02872e-07 1.47145 4.48746e-23 5.63008e-08 1.02512
6.3e-09 5.35855e-08 0.100006 8.5772e-07 1.47145 4.48746e-23 5.63008e-08 1.02512
6.36e-09 -2.13567e-08 0.100006 6.6766e-07 1.47145 4.48746e-23 5.63008e-08 1.02512
6.42e-09 1.64399e-07 0.100006 5.74583e-07 1.47145 4.48746e-23 5.63008e-08 1.02512
6.48e-09 2.86768e-07 0.100006 7.51177e-07 1.47145 4.48746e-23 5.63008e-08 1.02512
6.54e-09 1.32255e-07 0.100006 8.9964e-07 1.47145 4.48746e-23 5.63008e-08 1.02512
6.6e-09 -2.95636e-08 0.100007 7.71248e-07 1.47145 4.48746e-23 5.63008e-08 1.02512
6.66e-09 8.36338e-08 0.100007 6.00303e-07 1.47145 4.48746e-23 5.63008e-08 1.02512
6.72e-09 2.74354e-07 0.100007 6.95347e-07 1.47145 4.48746e-23 5.63008e-08 1.02512
6.78e-09 2.09851e-07 0.100007 9.00856e-07 1.47145 4.48746e-23 5.63008e-08 1.02512
6.84e-09 2.66212e-09 0.100007 8.68581e-07 1.47145 4.48746e-23 5.63008e-08 1.02512
6.9e-09 1.42657e-08 0.100007 6.65128e-07 1.47145 4.48746e-23 5.63008e-08 1.02512
6.96e-09 2.24418e-07 0.100007 6.55757e-07 1.47145 4.48746e-23 5.63008e-08 1.02512
7.02e-09 2.6647e-07 0.100007 8.67114e-07 1.47145 4.48746e-23 5.63008e-08 1.02512
7.08e-09 6.70545e-08 0.100007 9.40747e-07 1.47145 4.48746e-23 5.63008e-08 1.02512
7.14e-09 -2.5912e-08 0.100007 7.58487e-07 1.47145 4.48746e-23 5.63008e-08 1.02512
7.2e-09 1.49767e-07 0.100007 6.48618e-07 1.47145 4.48746e-23 5.63008e-08 1.02512
7.26e-09 2.87588e-07 0.100007 8.13123e-07 1.47145 4.48746e-23 5.63008e-08 1.02512
7.32e-09 1.47097e-07 0.100007 9.75292e-07 1.47145 4.48746e-23 5.63008e-08 1.02512
7.38e-09 -2.65938e-08 0.100007 8.62489e-07 1.47145 4.48746e-23 5.63008e-08 1.02512
7.44e-09 6.95506e-08 0.100007 6.81817e-07 1.47145 4.48746e-23 5.63008e-08 1.02512
7.5e-09 2.67789e-07 0.100007 7.58789e-07 1.47145 4.48746e-23 5.63008e-08 1.02512
7.56e-09 2.22258e-07 0.100007 9.69411e-07 1.47145 4.48746e-23 5.63008e-08 1.02512
7.62e-09 1.23954e-08 0.100008 9.56513e-07 1.47145 4.48746e-23 5.63008e-08 1.02512
7.68e-09 4.34387e-09 0.100008 7.52896e-07 1.47145 4.48746e-23 5.63008e-08 1.02512
7.74e-09 2.12151e-07 0.100008 7.24105e-07 1.47145 4.48746e-23 5.63008e-08 1.02512
7.8e-09 2.7326e-07 0.100008 9.30669e-07 1.47145 4.48746e-23 5.63008e-08 1.02512
7.86e-09 8.10547e-08 0.100008 1.0225e-06 1.47145 4.48746e-23 5.63008e-08 1.02512
7.92e-09 -2.91275e-08 0.100008 8.49676e-07 1.47145 4.48746e-23 5.63008e-08 1.02512
7.98e-09 1.34946e-07 0.100008 7.24021e-07 1.47145 4.48746e-23 5.63008e-08 1.02512
8.04e-09 2.87019e-07 0.100008 8.75058e-07 1.47145 4.48746e-23 5.63008e-08 1.02512
8.1e-09 1.61773e-07 0.100008 1.04957e-06 1.47145 4.48746e-23 5.63008e-08 1.02512
8.16e-09 -2.22781e-08 0.100008 9.53392e-07 1.47145 4.48746e-23 5.63008e-08 1.02512
8.22e-09 5.59764e-08 0.100008 7.64617e-07 1.47145 4.48746e-23 5.63008e-08 1.02512
8.28e-09 2.60007e-07 0.100008 8.22899e-07 1.47145 4.48746e-23 5.63008e-08 1.02512
8.34e-09 2.33846e-07 0.100008 1.03685e-06 1.47145 4.48746e-23 5.63008e-08 1.02512
8.4e-09 2.31353e-08 0.100008 1.04349e-06 1.47145 4.48746e-23 5.63008e-08 1.02512
8.46e-09 -4.50149e-09 0.100008 8.41535e-07 1.47145 4.48746e-23 5.63008e-08 1.02512
8.52e-09 1.99153e-07 0.100008 7.93627e-07 1.47145 4.48746e-23 5.63008e-08 1.02512
8.58e-09 2.78786e-07 0.100008 9.93651e-07 1.47145 4.48746e-23 5.63008e-08 1.02512
8.64e-09 9.54641e-08 0.100009 1.10293e-06 1.47145 4.48746e-23 5.63008e-08 1.02513
8.7e-09 -3.09752e-08 0.100009 9.41101e-07 1.47145 4.48746e-23 5.63008e-08 1.02513
8.76e-09 1.20065e-07 0.100009 8.00805e-07 1.47145 4.48746e-23 5.63008e-08 1.02513
8.82e-09 2.85067e-07 0.100009 9.37109e-07 1.47145 4.48746e-23 5.63008e-08 1.02513
8.88e-09 1.76156e-07 0.100009 1.1225e-06 1.47145 4.48746e-23 5.63008e-08 1.02513
8.94e-09 -1.6654e-08 0.100009 1.04383e-06 1.47145 4.48746e-23 5.63008e-08 1.02513
9e-09 4.30294e-08 0.100009 8.4865e-07 1.47145 4.48746e-23 5.63008e-08 1.02513
9.06e-09 2.51078e-07 0.100009 8.87785e-07 1.47145 4.48746e-23 5.63008e-08 1.02513
9.12e-09 2.44513e-07 0.100009 1.10326e-06 1.47145 4.48746e-23 5.63008e-08 1.02513
9.18e-09 3.47886e-08 0.100009 1.12944e-06 1.47145 4.48746e-23 5.63008e-08 1.02513
9.24e-09 -1.21933e-08 0.100009 9.30944e-07 1.47145 4.48746e-23 5.63008e-08 1.02513
9.3e-09 1.85536e-07 0.100009 8.64385e-07 1.47145 4.48746e-23 5.63008e-08 1.02513
9.36e-09 2.83001e-07 0.100009 1.05618e-06 1.47145 4.48746e-23 5.63008e-08 1.02513
9.42e-09 1.10157e-07 0.100009 1.18201e-06 1.47145 4.48746e-23 5.63008e-08 1.02513
9.48e-09 -3.14388e-08 0.100009 1.03263e-06 1.47145 4.48746e-23 5.63008e-08 1.02513
9.54e-09 1.05253e-07 0.100009 8.78969e-07 1.47145 4.48746e-23 5.63008e-08 1.02513
9.6e-09 2.81749e-07 0.100009 9.99406e-07 1.47145 4.48746e-23 5.63008e-08 1.02513
9.66e-09 1.9012e-07 0.10001 1.19412e-06 1.47145 4.48746e-23 5.63008e-08 1.02513
9.72e-09 -9.77047e-09 0.10001 1.13369e-06 1.47145 4.48746e-23 5.63008e-08 1.02513
9.78e-09 3.08223e-08 0.10001 9.33851e-07 1.47145 4.48746e-23 5.63008e-08 1.02513
9.84e-09 2.41077e-07 0.10001 9.5355e-07 1.47145 4.48746e-23 5.63008e-08 1.02513
9.9e-09 2.54167e-07 0.10001 1.16872e-06 1.47145 4.48746e-23 5.63008e-08 1.02513
9.96e-09 4.72537e-08 0.10001 1.21426e-06 1.47145 4.48746e-23 5.63008e-08 1.02513
1.002e-08 -1.86647e-08 0.10001 1.02101e-06 1.47145 4.48746e-23 5.63008e-08 1.02513
1.008e-08 1.71418e-07 0.10001 9.36433e-07 1.47145 4.48746e-23 5.63008e-08 1.02513
1.014e-08 2.85868e-07 0.10001 1.11838e-06 1.47145 4.48746e-23 5.63008e-08 1.02513
1.02e-08 1.25007e-07 0.10001 1.25971e-06 1.47145 4.48746e-23 5.63008e-08 1.02513
1.026e-08 -3.05143e-08 0.10001 1.12415e-06 1.47145 4.48746e-23 5.63008e-08 1.02513
1.032e-08 9.06394e-08 0.10001 9.585e-07 1.47145 4.48746e-23 5.63008e-08 1.02513
1.038e-08 2.77094e-07 0.10001 1.06207e-06 1.47145 4.48746e-23 5.63008e-08 1.02513
1.044e-08 2.03545e-07 0.10001 1.26446e-06 1.47145 4.48746e-23 5.63008e-08 1.02513
1.05e-08 -1.68728e-09 0.10001 1.22286e-06 1.47145 4.48746e-23 5.63008e-08 1.02513
1.056e-08 1.94612e-08 0.10001 1.02015e-06 1.47145 4.48746e-23 5.63008e-08 1.02513
1.062e-08 2.30093e-07 0.100011 1.02029e-06 1.47145 4.48746e-23 5.63008e-08 1.02513
1.068e-08 2.62723e-07 0.100011 1.23334e-06 1.47145 4.48746e-23 5.63008e-08 1.02513
1.074e-08 6.04223e-08 0.100011 1.29789e-06 1.47145 4.48746e-23 5.63008e-08 1.02513
1.08e-08 -2.38591e-08 0.100011 1.11162e-06 1.47145 4.48746e-23 5.63008e-08 1.02513
1.086e-08 1.56923e-07 0.100011 1.00981e-06 1.47145 4.48746e-23 5.63008e-08 1.02513
1.092e-08 2.87362e-07 0.100011 1.18038e-06 1.47145 4.48746e-23 5.63008e-08 1.02513
1.098e-08 1.39883e-07 0.100011 1.33604e-06 1.47145 4.48746e-23 5.63008e-08 1.02513
1.104e-08 -2.82098e-08 0.100011 1.21551e-06 1.47145 4.48746e-23 5.63008e-08 1.02513
1.11e-08 7.63515e-08 0.100011 1.03938e-06 1.47145 4.48746e-23 5.63008e-08 1.02513
1.116e-08 2.71141e-07 0.100011 1.12523e-06 1.47145 4.48746e-23 5.63008e-08 1.02513
1.122e-08 2.16313e-07 0.100011 1.33359e-06 1.47145 4.48746e-23 5.63008e-08 1.02513
1.128e-08 7.52525e-09 0.100011 1.31122e-06 1.47145 4.48746e-23 5.63008e-08 1.02513
1.134e-08 9.04517e-09 0.100011 1.10746e-06 1.47145 4.48745e-23 5.63008e-08 1.02513
1.14e-08 2.18221e-07 0.100011 1.08809e-06 1.47145 4.48746e-23 5.63008e-08 1.02513
1.146e-08 2.70108e-07 0.100011 1.29721e-06 1.47145 4.48746e-23 5.63008e-08 1.02513
1.152e-08 7.41798e-08 0.100011 1.38027e-06 1.47145 4.48746e-23 5.63008e-08 1.02513
1.158e-08 -2.77315e-08 0.100011 1.20265e-06 1.47145 4.48746e-23 5.63008e-08 1.02513
1.164e-08 1.42177e-07 0.100012 1.08455e-06 1.47145 4.48746e-23 5.63008e-08 1.02513
1.17e-08 2.87469e-07 0.100012 1.24231e-06 1.47145 4.48746e-23 5.63008e-08 1.02513
1.176e-08 1.54657e-07 0.100012 1.41099e-06 1.47145 4.48746e-23 5.63008e-08 1.02513
1.182e-08 -2.45451e-08 0.100012 1.30659e-06 1.47145 4.48746e-23 5.63008e-08 1.02513
1.188e-08 6.25135e-08 0.100012 1.12156e-06 1.47145 4.48746e-23 5.63008e-08 1.02513
1.194e-08 2.63943e-07 0.100012 1.189e-06 1.47145 4.48746e-23 5.63008e-08 1.02513
1.2e-08 2.28314e-07 0.100012 1.40156e-06 1.47145 4.48746e-23 5.63008e-08 1.02513
1.206e-08 1.7787e-08 0.100012 1.39868e-06 1.47145 4.48746e-23 5.63008e-08 1.02513
1.212e-08 -3.35151e-10 0.100012 1.19569e-06 1.47145 4.48746e-23 5.63008e-08 1.02513
1.218e-08 2.05565e-07 0.100012 1.15704e-06 1.47145 4.48746e-23 5.63008e-08 1.02513
1.224e-08 2.76257e-07 0.100012 1.36046e-06 1.47145 4.48746e-23 5.63008e-08 1.02513
1.23e-08 8.84065e-08 0.100012 1.46135e-06 1.47145 4.48746e-23 5.63008e-08 1.02513
1.236e-08 -3.0248e-08 0.100012 1.29398e-06 1.47145 4.48746e-23 5.63008e-08 1.02513
1.242e-08 1.27308e-07 0.100012 1.16066e-06 1.47145 4.48746e-23 5.63008e-08 1.02513
1.248e-08 2.86189e-07 0.100012 1.30428e-06 1.47145 4.48746e-23 5.63008e-08 1.02513
1.254e-08 1.69199e-07 0.100012 1.48457e-06 1.47145 4.48746e-23 5.63008e-08 1.02513
1.26e-08 -1.95522e-08 0.100012 1.39728e-06 1.47145 4.48746e-23 5.63008e-08 1.02513
1.266e-08 4.92458e-08 0.100013 1.205e-06 1.47145 4.48746e-23 5.63008e-08 1.02513
1.272e-08 2.55563e-07 0.100013 1.2535e-06 1.47145 4.48746e-23 5.63008e-08 1.02513
1.278e-08 2.39442e-07 0.100013 1.46846e-06 1.47145 4.48746e-23 5.63008e-08 1.02513
1.284e-08 2.90087e-08 0.100013 1.48514e-06 1.47145 4.48746e-23 5.63008e-08 1.02513
1.29e-08 -8.59808e-09 0.100013 1.28474e-06 1.47145 4.48746e-23 5.63008e-08 1.02513
1.296e-08 1.92233e-07 0.100013 1.22719e-06 1.47145 4.48746e-23 5.63008e-08 1.02513
1.302e-08 2.81116e-07 0.100013 1.4232e-06 1.47145 4.48746e-23 5.63008e-08 1.02513
1.308e-08 1.02979e-07 0.100013 1.54109e-06 1.47145 4.48746e-23 5.63008e-08 1.02513
1.314e-08 -3.13866e-08 0.100013 1.38548e-06 1.47145 4.48746e-23 5.63008e-08 1.02513
1.32e-08 1.12445e-07 0.100013 1.23815e-06 1.47145 4.48746e-23 5.63008e-08 1.02513
1.326e-08 2.83533e-07 0.100013 1.36645e-06 1.47145 4.48746e-23 5.63008e-08 1.02513
1.332e-08 1.83384e-07 0.100013 1.55683e-06 1.47145 4.48746e-23 5.63008e-08 1.02513
1.338e-08 -1.32744e-08 0.100013 1.48744e-06 1.47145 4.48746e-23 5.63008e-08 1.02513
1.344e-08 3.66639e-08 0.100013 1.28964e-06 1.47145 4.48746e-23 5.63008e-08 1.02513
1.35e-08 2.46073e-07 0.100013 1.31883e-06 1.47145 4.48746e-23 5.63008e-08 1.02513
1.356e-08 2.49601e-07 0.100013 1.53437e-06 1.47145 4.48746e-23 5.63008e-08 1.02513
1.362e-08 4.10926e-08 0.100013 1.57052e-06 1.47145 4.48746e-23 5.63008e-08 1.02513
1.368e-08 -1.56716e-08 0.100014 1.3745e-06 1.47145 4.48746e-23 5.63008e-08 1.02513
1.374e-08 1.78343e-07 0.100014 1.2986e-06 1.47145 4.48746e-23 5.63008e-08 1.02513
1.38e-08 2.84643e-07 0.100014 1.48554e-06 1.47145 4.48746e-23 5.63008e-08 1.02513
1.386e-08 1.17769e-07 0.100014 1.61947e-06 1.47145 4.48746e-23 5.63008e-08 1.02513
1.392e-08 -3.11374e-08 0.100014 1.47702e-06 1.47145 4.48746e-23 5.63008e-08 1.02513
1.398e-08 9.77179e-08 0.100014 1.31702e-06 1.47145 4.48746e-23 5.63008e-08 1.02513
1.404e-08 2.79524e-07 0.100014 1.42892e-06 1.47145 4.48746e-23 5.63008e-08 1.02513
1.41e-08 1.97087e-07 0.100014 1.62778e-06 1.47145 4.48746e-23 5.63008e-08 1.02513
1.416e-08 -5.76634e-09 0.100014 1.57696e-06 1.47145 4.48746e-23 5.63008e-08 1.02513
1.422e-08 2.48774e-08 0.100014 1.37542e-06 1.47145 4.48746e-23 5.63008e-08 1.02513
1.428e-08 2.35555e-07 0.100014 1.38508e-06 1.47145 4.48746e-23 5.63008e-08 1.02513
1.434e-08 2.58702e-07 0.100014 1.59939e-06 1.47145 4.48746e-23 5.63008e-08 1.02513
1.44e-08 5.39338e-08 0.100014 1.65474e-06 1.47145 4.48746e-23 5.63008e-08 1.02513
1.446e-08 -2.14942e-08 0.100014 1.46486e-06 1.47145 4.48746e-23 5.63008e-08 1.02513
1.452e-08 1.64015e-07 0.100014 1.37133e-06 1.47145 4.48746e-23 5.63008e-08 1.02513
1.458e-08 2.86808e-07 0.100014 1.54762e-06 1.47145 4.48746e-23 5.63008e-08 1.02513
1.464e-08 1.3265e-07 0.100014 1.69647e-06 1.47145 4.48746e-23 5.63008e-08 1.02513
1.47e-08 -2.95025e-08 0.100015 1.56847e-06 1.47145 4.48746e-23 5.63008e-08 1.02513
1.476e-08 8.32548e-08 0.100015 1.39725e-06 1.47145 4.48746e-23 5.63008e-08 1.02513
1.482e-08 2.74196e-07 0.100015 1.49182e-06 1.47145 4.48746e-23 5.63008e-08 1.02513
1.488e-08 2.1019e-07 0.100015 1.69749e-06 1.47145 4.48746e-23 5.63008e-08 1.02513
1.494e-08 2.90671e-09 0.100015 1.66573e-06 1.47145 4.48746e-23 5.63008e-08 1.02513
1.5e-08 1.39889e-08 0.100015 1.46225e-06 1.47145 4.48746e-23 5.63008e-08 1.02513
1.506e-08 2.24102e-07 0.100015 1.45236e-06 1.47145 4.48746e-23 5.63008e-08 1.02513
1.512e-08 2.66666e-07 0.100015 1.66361e-06 1.47145 4.48746e-23 5.63008e-08 1.02513
1.518e-08 6.74204e-08 0.100015 1.73774e-06 1.47145 4.48746e-23 5.63008e-08 1.02513
1.524e-08 -2.60151e-08 0.100015 1.55571e-06 1.47145 4.48746e-23 5.63008e-08 1.02513
1.53e-08 1.49374e-07 0.100015 1.4454e-06 1.47145 4.48746e-23 5.63008e-08 1.02513
1.536e-08 2.87591e-07 0.100015 1.60957e-06 1.47145 4.48746e-23 5.63008e-08 1.02513
1.542e-08 1.4749e-07 0.100015 1.77208e-06 1.47145 4.48746e-23 5.63008e-08 1.02513
1.548e-08 -2.64961e-08 0.100015 1.65971e-06 1.47145 4.48746e-23 5.63008e-08 1.02513
1.554e-08 6.91816e-08 0.100015 1.4788e-06 1.47145 4.48746e-23 5.63008e-08 1.02513
1.56e-08 2.67597e-07 0.100015 1.55528e-06 1.47145 4.48745e-23 5.63008e-08 1.02513
1.566e-08 2.22579e-07 0.100015 1.76602e-06 1.47145 4.48746e-23 5.63008e-08 1.02513
1.572e-08 1.26693e-08 0.100016 1.75364e-06 1.47145 4.48745e-23 5.63008e-08 1.02513
1.578e-08 4.09326e-09 0.100016 1.55004e-06 1.47145 4.48746e-23 5.63008e-08 1.02513
1.584e-08 2.11813e-07 0.100016 1.52074e-06 1.47145 4.48746e-23 5.63008e-08 1.02513
1.59e-08 2.73424e-07 0.100016 1.72715e-06 1.47145 4.48746e-23 5.63008e-08 1.02513
1.596e-08 8.14351e-08 0.100016 1.81946e-06 1.47145 4.48746e-23 5.63008e-08 1.02513
1.602e-08 -2.91949e-08 0.100016 1.64691e-06 1.47145 4.48746e-23 5.63008e-08 1.02513
1.608e-08 1.34548e-07 0.100016 1.52085e-06 1.47145 4.48746e-23 5.63008e-08 1.02513
1.614e-08 2.86985e-07 0.100016 1.67151e-06 1.47145 4.48746e-23 5.63008e-08 1.02513
1.62e-08 1.62162e-07 0.100016 1.84633e-06 1.47145 4.48746e-23 5.63008e-08 1.02513
1.626e-08 -2.21443e-08 0.100016 1.75061e-06 1.47145 4.48746e-23 5.63008e-08 1.02513
1.632e-08 5.56207e-08 0.100016 1.56164e-06 1.47145 4.48746e-23 5.63008e-08 1.02513
1.638e-08 2.59783e-07 0.100016 1.61941e-06 1.47145 4.48746e-23 5.63008e-08 1.02513
1.644e-08 2.34144e-07 0.100016 1.83343e-06 1.47145 4.48746e-23 5.63008e-08 1.02513
1.65e-08 2.34365e-08 0.100016 1.8406e-06 1.47145 4.48746e-23 5.63008e-08 1.02513
1.656e-08 -4.72343e-09 0.100016 1.63871e-06 1.47145 4.48746e-23 5.63008e-08 1.02513
1.662e-08 1.98795e-07 0.100016 1.59029e-06 1.47145 4.48746e-23 5.63008e-08 1.02513
1.668e-08 2.78917e-07 0.100016 1.79012e-06 1.47145 4.48746e-23 5.63008e-08 1.02513
1.674e-08 9.58559e-08 0.100017 1.89985e-06 1.47145 4.48746e-23 5.63008e-08 1.02513
1.68e-08 -3.10059e-08 0.100017 1.73834e-06 1.47145 4.48746e-23 5.63008e-08 1.02513
1.686e-08 1.19665e-07 0.100017 1.59767e-06 1.47146 4.48746e-23 5.63008e-08 1.02513
1.692e-08 2.84996e-07 0.100017 1.73356e-06 1.47146 4.48746e-23 5.63008e-08 1.02513
1.698e-08 1.76538e-07 0.100017 1.91923e-06 1.47145 4.48746e-23 5.63008e-08 1.02513
1.704e-08 -1.64849e-08 0.100017 1.84104e-06 1.47145 4.48746e-23 5.63008e-08 1.02513
1.71e-08 4.26903e-08 0.100017 1.64571e-06 1.47146 4.48746e-23 5.63008e-08 1.02513
1.716e-08 2.50822e-07 0.100017 1.68432e-06 1.47145 4.48746e-23 5.63008e-08 1.02513
1.722e-08 2.44787e-07 0.100017 1.89981e-06 1.47145 4.48746e-23 5.63008e-08 1.02513
1.728e-08 3.51146e-08 0.100017 1.92652e-06 1.47145 4.48746e-23 5.63008e-08 1.02513
1.734e-08 -1.23843e-08 0.100017 1.72814e-06 1.47146 4.48746e-23 5.63008e-08 1.02513
1.74e-08 1.8516e-07 0.100017 1.66109e-06 1.47145 4.48746e-23 5.63008e-08 1.02513
1.746e-08 2.83097e-07 0.100017 1.85264e-06 1.47145 4.48746e-23 5.63008e-08 1.02513
1.752e-08 1.10557e-07 0.100017 1.9789e-06 1.47146 4.48746e-23 5.63008e-08 1.02513
1.758e-08 -3.14321e-08 0.100017 1.82988e-06 1.47146 4.48746e-23 5.63008e-08 1.02513
1.764e-08 1.04854e-07 0.100017 1.67588e-06 1.47145 4.48746e-23 5.63008e-08 1.02513
1.77e-08 2.81641e-07 0.100017 1.79587e-06 1.47145 4.48746e-23 5.63008e-08 1.02513
1.776e-08 1.90491e-07 0.100018 1.99081e-06 1.47145 4.48746e-23 5.63008e-08 1.02513
1.782e-08 -9.56717e-09 0.100018 1.93089e-06 1.47145 4.48746e-23 5.63008e-08 1.02513
1.788e-08 3.05028e-08 0.100018 1.73095e-06 1.47146 4.48746e-23 5.63008e-08 1.02513
1.794e-08 2.40792e-07 0.100018 1.75012e-06 1.47145 4.48746e-23 5.63008e-08 1.02513
1.8e-08 2.54414e-07 0.100018 1.96525e-06 1.47145 4.48746e-23 5.63008e-08 1.02513
1.806e-08 4.76021e-08 0.100018 2.01131e-06 1.47145 4.48746e-23 5.63008e-08 1.02513
1.812e-08 -1.88228e-08 0.100018 1.81823e-06 1.47145 4.48746e-23 5.63008e-08 1.02513
1.818e-08 1.71029e-07 0.100018 1.73318e-06 1.47145 4.48746e-23 5.63008e-08 1.02513
1.824e-08 2.85927e-07 0.100018 1.91484e-06 1.47146 4.48746e-23 5.63008e-08 1.02513
1.83e-08 1.25411e-07 0.100018 2.05657e-06 1.47146 4.48746e-23 5.63008e-08 1.02513
1.836e-08 -3.047e-08 0.100018 1.9214e-06 1.47146 4.48746e-23 5.63008e-08 1.02513
1.842e-08 9.02461e-08 0.100018 1.75545e-06 1.47146 4.48746e-23 5.63008e-08 1.02513
1.848e-08 2.76949e-07 0.100018 1.85855e-06 1.47146 4.48746e-23 5.63008e-08 1.02513
1.854e-08 2.03902e-07 0.100018 2.06112e-06 1.47146 4.48746e-23 5.63008e-08 1.02513
1.86e-08 -1.45118e-09 0.100018 2.02004e-06 1.47146 4.48746e-23 5.63008e-08 1.02513
1.866e-08 1.91646e-08 0.100018 1.81728e-06 1.47146 4.48746e-23 5.63008e-08 1.02513
1.872e-08 2.29781e-07 0.100019 1.81689e-06 1.47146 4.48746e-23 5.63008e-08 1.02513
1.878e-08 2.62941e-07 0.100019 2.02985e-06 1.47146 4.48746e-23 5.63008e-08 1.02513
1.884e-08 6.07901e-08 0.100019 2.09491e-06 1.47146 4.48746e-23 5.63008e-08 1.02513
1.89e-08 -2.39826e-08 0.100019 1.90886e-06 1.47146 4.48746e-23 5.63008e-08 1.02513
1.896e-08 1.56524e-07 0.100019 1.80659e-06 1.47146 4.48746e-23 5.63008e-08 1.02513
1.902e-08 2.87383e-07 0.100019 1.97683e-06 1.47146 4.48746e-23 5.63008e-08 1.02513
1.908e-08 1.40289e-07 0.100019 2.13286e-06 1.47146 4.48746e-23 5.63008e-08 1.02513
1.914e-08 -2.81277e-08 0.100019 2.01276e-06 1.47146 4.48746e-23 5.63008e-08 1.02513
1.92e-08 7.59667e-08 0.100019 1.83636e-06 1.47146 4.48745e-23 5.63008e-08 1.02513
1.926e-08 2.70961e-07 0.100019 1.92173e-06 1.47146 4.48746e-23 5.63008e-08 1.02513
1.932e-08 2.16652e-07 0.100019 2.13022e-06 1.47146 4.48745e-23 5.63008e-08 1.02513
1.938e-08 7.79241e-09 0.100019 2.10838e-06 1.47146 4.48746e-23 5.63008e-08 1.02513
1.944e-08 8.77414e-09 0.100019 1.90462e-06 1.47146 4.48746e-23 5.63008e-08 1.02513
1.95e-08 2.17885e-07 0.100019 1.88472e-06 1.47146 4.48746e-23 5.63008e-08 1.02513
1.956e-08 2.70294e-07 0.100019 2.09371e-06 1.47146 4.48746e-23 5.63008e-08 1.02513
1.962e-08 7.4564e-08 0.100019 2.17726e-06 1.47146 4.48746e-23 5.63008e-08 1.02513
1.968e-08 -2.78188e-08 0.100019 1.9999e-06 1.47146 4.48746e-23 5.63008e-08 1.02513
1.974e-08 1.4177e-07 0.10002 1.88137e-06 1.47146 4.48746e-23 5.63008e-08 1.02513
1.98e-08 2.87453e-07 0.10002 2.03876e-06 1.47146 4.48746e-23 5.63008e-08 1.02513
1.986e-08 1.5506e-07 0.10002 2.20778e-06 1.47146 4.48746e-23 5.63008e-08 1.02513
1.992e-08 -2.44256e-08 0.10002 2.10384e-06 1.47146 4.48746e-23 5.63008e-08 1.02513
1.998e-08 6.21408e-08 0.10002 1.91858e-06 1.47146 4.48746e-23 5.63008e-08 1.02513
2.004e-08 2.63728e-07 0.10002 1.98552e-06 1.47146 4.48746e-23 5.63008e-08 1.02513
2.01e-08 2.28632e-07 0.10002 2.19816e-06 1.47146 4.48746e-23 5.63008e-08 1.02513
2.016e-08 1.80832e-08 0.10002 2.19582e-06 1.47146 4.48746e-23 5.63008e-08 1.02513
2.022e-08 -5.77895e-10 0.10002 1.99287e-06 1.47146 4.48746e-23 5.63008e-08 1.02513
2.028e-08 2.05206e-07 0.10002 1.9537e-06 1.47146 4.48746e-23 5.63008e-08 1.02513
2.034e-08 2.76408e-07 0.10002 2.15694e-06 1.47146 4.48746e-23 5.63008e-08 1.02513
2.04e-08 8.88039e-08 0.10002 2.25831e-06 1.47146 4.48746e-23 5.63008e-08 1.02513
2.046e-08 -3.0298e-08 0.10002 2.09124e-06 1.47146 4.48746e-23 5.63008e-08 1.02513
2.052e-08 1.26897e-07 0.10002 1.95752e-06 1.47146 4.48746e-23 5.63008e-08 1.02513
2.058e-08 2.86135e-07 0.10002 2.10074e-06 1.47146 4.48746e-23 5.63008e-08 1.02513
2.064e-08 1.69596e-07 0.10002 2.28133e-06 1.47146 4.48746e-23 5.63008e-08 1.02513
2.07e-08 -1.9396e-08 0.10002 2.19452e-06 1.47146 4.48746e-23 5.63008e-08 1.02513
2.076e-08 4.88885e-08 0.100021 2.00206e-06 1.47146 4.48746e-23 5.63008e-08 1.02513
2.082e-08 2.55315e-07 0.100021 2.05003e-06 1.47146 4.48746e-23 5.63008e-08 1.02513
2.088e-08 2.39736e-07 0.100021 2.26504e-06 1.47146 4.48746e-23 5.63008e-08 1.02513
2.094e-08 2.93316e-08 0.100021 2.28226e-06 1.47146 4.48746e-23 5.63008e-08 1.02513
2.1e-08 -8.81011e-09 0.100021 2.08195e-06 1.47146 4.48746e-23 5.63008e-08 1.02513
2.106e-08 1.91856e-07 0.100021 2.02389e-06 1.47146 4.48746e-23 5.63008e-08 1.02513
2.112e-08 2.81232e-07 0.100021 2.21966e-06 1.47146 4.48746e-23 5.63008e-08 1.02513
2.118e-08 1.03386e-07 0.100021 2.33801e-06 1.47146 4.48746e-23 5.63008e-08 1.02513
2.124e-08 -3.13985e-08 0.100021 2.18275e-06 1.47146 4.48746e-23 5.63008e-08 1.02513
2.13e-08 1.12034e-07 0.100021 2.03506e-06 1.47146 4.48746e-23 5.63008e-08 1.02513
2.136e-08 2.8344e-07 0.100021 2.16291e-06 1.47146 4.48746e-23 5.63008e-08 1.02513
2.142e-08 1.83771e-07 0.100021 2.35355e-06 1.47146 4.48746e-23 5.63008e-08 1.02513
2.148e-08 -1.30824e-08 0.100021 2.28467e-06 1.47146 4.48746e-23 5.63008e-08 1.02513
2.154e-08 3.63254e-08 0.100021 2.08674e-06 1.47146 4.48746e-23 5.63008e-08 1.02513
2.16e-08 2.45794e-07 0.100021 2.11539e-06 1.47146 4.48746e-23 5.63008e-08 1.02513
2.166e-08 2.49868e-07 0.100021 2.33092e-06 1.47146 4.48746e-23 5.63008e-08 1.02513
2.172e-08 4.14398e-08 0.100021 2.36761e-06 1.47146 4.48746e-23 5.63008e-08 1.02513
2.178e-08 -1.58508e-08 0.100022 2.17174e-06 1.47146 4.48746e-23 5.63008e-08 1.02513
2.184e-08 1.7795e-07 0.100022 2.09534e-06 1.47146 4.48746e-23 5.63008e-08 1.02513
2.19e-08 2.84722e-07 0.100022 2.282e-06 1.47146 4.48746e-23 5.63008e-08 1.02513
2.196e-08 1.18183e-07 0.100022 2.41636e-06 1.47146 4.48746e-23 5.63008e-08 1.02513
2.202e-08 -3.11107e-08 0.100022 2.2743e-06 1.47146 4.48746e-23 5.63008e-08 1.02513
2.208e-08 9.73108e-08 0.100022 2.11397e-06 1.47146 4.48746e-23 5.63008e-08 1.02513
2.214e-08 2.79393e-07 0.100022 2.22539e-06 1.47146 4.48746e-23 5.63008e-08 1.02513
2.22e-08 1.97461e-07 0.100022 2.42447e-06 1.47146 4.48746e-23 5.63008e-08 1.02513
2.226e-08 -5.53995e-09 0.100022 2.37417e-06 1.47146 4.48746e-23 5.63008e-08 1.02513
2.232e-08 2.45609e-08 0.100022 2.17255e-06 1.47146 4.48746e-23 5.63008e-08 1.02513
2.238e-08 2.35248e-07 0.100022 2.18167e-06 1.47146 4.48746e-23 5.63008e-08 1.02513
2.244e-08 2.5894e-07 0.100022 2.39592e-06 1.47146 4.48746e-23 5.63008e-08 1.02513
2.25e-08 5.43023e-08 0.100022 2.4518e-06 1.47146 4.48746e-23 5.63008e-08 1.02513
2.256e-08 -2.16385e-08 0.100022 2.26212e-06 1.47146 4.48746e-23 5.63008e-08 1.02513
2.262e-08 1.6361e-07 0.100022 2.16811e-06 1.47146 4.48746e-23 5.63008e-08 1.02513
2.268e-08 2.86849e-07 0.100022 2.34408e-06 1.47146 4.48746e-23 5.63008e-08 1.02513
2.274e-08 1.33066e-07 0.100022 2.49332e-06 1.47146 4.48746e-23 5.63008e-08 1.02513
2.28e-08 -2.9437e-08 0.100023 2.36575e-06 1.47146 4.48746e-23 5.63008e-08 1.02513
2.286e-08 8.28548e-08 0.100023 2.19424e-06 1.47146 4.48745e-23 5.63007e-08 1.02513
2.292e-08 2.74029e-07 0.100023 2.28831e-06 1.47146 4.48746e-23 5.63008e-08 1.02513
2.298e-08 2.10548e-07 0.100023 2.49415e-06 1.47146 4.48745e-23 5.63007e-08 1.02513
2.304e-08 3.16589e-09 0.100023 2.46292e-06 1.47146 4.48746e-23 5.63008e-08 1.02513
2.31e-08 1.36974e-08 0.100023 2.25942e-06 1.47146 4.48746e-23 5.63008e-08 1.02513
2.316e-08 2.23768e-07 0.100023 2.24898e-06 1.47146 4.48746e-23 5.63008e-08 1.02513
2.322e-08 2.66873e-07 0.100023 2.46012e-06 1.47146 4.48746e-23 5.63008e-08 1.02513
2.328e-08 6.78073e-08 0.100023 2.53476e-06 1.47146 4.48746e-23 5.63008e-08 1.02513
2.334e-08 -2.6123e-08 0.100023 2.35298e-06 1.47146 4.48746e-23 5.63008e-08 1.02513
2.34e-08 1.4896e-07 0.100023 2.24222e-06 1.47146 4.48745e-23 5.63007e-08 1.02513
2.346e-08 2.87593e-07 0.100023 2.40602e-06 1.47146 4.48746e-23 5.63008e-08 1.02513
2.352e-08 1.47906e-07 0.100023 2.5689e-06 1.47146 4.48746e-23 5.63008e-08 1.02513
2.358e-08 -2.6392e-08 0.100023 2.45699e-06 1.47146 4.48746e-23 5.63008e-08 1.02513
2.364e-08 6.87923e-08 0.100023 2.27583e-06 1.47146 4.48746e-23 5.63008e-08 1.02513
2.37e-08 2.67393e-07 0.100023 2.35179e-06 1.47146 4.48746e-23 5.63008e-08 1.02513
2.376e-08 2.22916e-07 0.100023 2.56264e-06 1.47146 4.48746e-23 5.63008e-08 1.02513
2.382e-08 1.29593e-08 0.100024 2.55081e-06 1.47146 4.48746e-23 5.63008e-08 1.02513
2.388e-08 3.82949e-09 0.100024 2.34724e-06 1.47146 4.48746e-23 5.63008e-08 1.02513
2.394e-08 2.11455e-07 0.100024 2.31739e-06 1.47146 4.48746e-23 5.63008e-08 1.02513
2.4e-08 2.73597e-07 0.100024 2.52364e-06 1.47146 4.48746e-23 5.63008e-08 1.02513
2.406e-08 8.18371e-08 0.100024 2.61645e-06 1.47146 4.48746e-23 5.63008e-08 1.02513
2.412e-08 -2.9265e-08 0.100024 2.4442e-06 1.47146 4.48746e-23 5.63008e-08 1.02513
2.418e-08 1.34128e-07 0.100024 2.3177e-06 1.47146 4.48746e-23 5.63008e-08 1.02513
2.424e-08 2.86948e-07 0.100024 2.46796e-06 1.47146 4.48746e-23 5.63008e-08 1.02513
2.43e-08 1.62573e-07 0.100024 2.64312e-06 1.47146 4.48746e-23 5.63008e-08 1.02513
2.436e-08 -2.20021e-08 0.100024 2.54788e-06 1.47146 4.48746e-23 5.63008e-08 1.02513
2.442e-08 5.52456e-08 0.100024 2.35871e-06 1.47146 4.48746e-23 5.63008e-08 1.02513
2.448e-08 2.59544e-07 0.100024 2.41594e-06 1.47146 4.48746e-23 5.63008e-08 1.02513
2.454e-08 2.34459e-07 0.100024 2.63003e-06 1.47146 4.48746e-23 5.63008e-08 1.02513
2.46e-08 2.37551e-08 0.100024 2.63775e-06 1.47146 4.48746e-23 5.63008e-08 1.02513
2.466e-08 -4.95681e-09 0.100024 2.43594e-06 1.47146 4.48746e-23 5.63008e-08 1.02513
2.472e-08 1.98416e-07 0.100024 2.38698e-06 1.47146 4.48746e-23 5.63008e-08 1.02513
2.478e-08 2.79054e-07 0.100024 2.5866e-06 1.47146 4.48746e-23 5.63008e-08 1.02513
2.484e-08 9.62696e-08 0.100025 2.69681e-06 1.47146 4.48746e-23 5.63008e-08 1.02513
2.49e-08 -3.10372e-08 0.100025 2.53564e-06 1.47146 4.48746e-23 5.63008e-08 1.02513
2.496e-08 1.19243e-07 0.100025 2.39457e-06 1.47146 4.48746e-23 5.63008e-08 1.02513
2.502e-08 2.84919e-07 0.100025 2.53003e-06 1.47146 4.48746e-23 5.63008e-08 1.02513
2.508e-08 1.76941e-07 0.100025 2.71598e-06 1.47146 4.48746e-23 5.63008e-08 1.02513
2.514e-08 -1.63055e-08 0.100025 2.6383e-06 1.47146 4.48746e-23 5.63008e-08 1.02513
2.52e-08 4.23329e-08 0.100025 2.44281e-06 1.47146 4.48746e-23 5.63008e-08 1.02513
2.526e-08 2.50551e-07 0.100025 2.48088e-06 1.47146 4.48746e-23 5.63008e-08 1.02513
2.532e-08 2.45075e-07 0.100025 2.69638e-06 1.47146 4.48746e-23 5.63007e-08 1.02513
2.538e-08 3.54594e-08 0.100025 2.72364e-06 1.47146 4.48746e-23 5.63008e-08 1.02513
2.544e-08 -1.2585e-08 0.100025 2.52539e-06 1.47146 4.48746e-23 5.63008e-08 1.02513
2.55e-08 1.84764e-07 0.100025 2.45782e-06 1.47146 4.48746e-23 5.63008e-08 1.02513
2.556e-08 2.83196e-07 0.100025 2.64911e-06 1.47146 4.48746e-23 5.63008e-08 1.02513
2.562e-08 1.10979e-07 0.100025 2.77582e-06 1.47146 4.48746e-23 5.63008e-08 1.02513
2.568e-08 -3.1424e-08 0.100025 2.62719e-06 1.47146 4.48746e-23 5.63008e-08 1.02513
2.574e-08 1.04434e-07 0.100025 2.47282e-06 1.47146 4.48746e-23 5.63008e-08 1.02513
2.58e-08 2.81525e-07 0.100025 2.59234e-06 1.47146 4.48746e-23 5.63008e-08 1.02513
2.586e-08 1.90882e-07 0.100026 2.78753e-06 1.47146 4.48746e-23 5.63007e-08 1.02513
2.592e-08 -9.3517e-09 0.100026 2.72813e-06 1.47146 4.48746e-23 5.63008e-08 1.02513
2.598e-08 3.01665e-08 0.100026 2.52809e-06 1.47146 4.48746e-23 5.63007e-08 1.02513
2.604e-08 2.40491e-07 0.100026 2.5467e-06 1.47146 4.48746e-23 5.63008e-08 1.02513
2.61e-08 2.54673e-07 0.100026 2.7618e-06 1.47146 4.48746e-23 5.63008e-08 1.02513
2.616e-08 4.79701e-08 0.100026 2.8084e-06 1.47146 4.48746e-23 5.63008e-08 1.02513
2.622e-08 -1.89885e-08 0.100026 2.6155e-06 1.47146 4.48746e-23 5.63007e-08 1.02513
2.628e-08 1.70618e-07 0.100026 2.52994e-06 1.47146 4.48746e-23 5.63008e-08 1.02513
2.634e-08 2.85988e-07 0.100026 2.7113e-06 1.47146 4.48745e-23 5.63007e-08 1.02513
2.64e-08 1.25838e-07 0.100026 2.85346e-06 1.47146 4.48746e-23 5.63008e-08 1.02513
2.646e-08 -3.0422e-08 0.100026 2.7187e-06 1.47146 4.48746e-23 5.63008e-08 1.02513
2.652e-08 8.98314e-08 0.100026 2.55243e-06 1.47146 4.48746e-23 5.63007e-08 1.02513
2.658e-08 2.76795e-07 0.100026 2.65504e-06 1.47146 4.48746e-23 5.63008e-08 1.02513
2.664e-08 2.04278e-07 0.100026 2.8578e-06 1.47146 4.48746e-23 5.63008e-08 1.02513
2.67e-08 -1.20122e-09 0.100026 2.81727e-06 1.47146 4.48746e-23 5.63008e-08 1.02513
2.676e-08 1.88524e-08 0.100026 2.61445e-06 1.47146 4.48746e-23 5.63008e-08 1.02513
2.682e-08 2.29451e-07 0.100027 2.6135e-06 1.47146 4.48746e-23 5.63008e-08 1.02513
2.688e-08 2.63169e-07 0.100027 2.82637e-06 1.47146 4.48746e-23 5.63008e-08 1.02513
2.694e-08 6.11785e-08 0.100027 2.89197e-06 1.47146 4.48746e-23 5.63008e-08 1.02513
2.7e-08 -2.41116e-08 0.100027 2.70615e-06 1.47146 4.48746e-23 5.63007e-08 1.02513
2.706e-08 1.56102e-07 0.100027 2.6034e-06 1.47146 4.48746e-23 5.63008e-08 1.02513
2.712e-08 2.87405e-07 0.100027 2.77329e-06 1.47146 4.48746e-23 5.63008e-08 1.02513
2.718e-08 1.40716e-07 0.100027 2.92971e-06 1.47146 4.48746e-23 5.63008e-08 1.02513
2.724e-08 -2.804e-08 0.100027 2.81006e-06 1.47146 4.48746e-23 5.63008e-08 1.02513
2.73e-08 7.55613e-08 0.100027 2.63339e-06 1.47146 4.48746e-23 5.63008e-08 1.02513
2.736e-08 2.70769e-07 0.100027 2.71823e-06 1.47146 4.48746e-23 5.63008e-08 1.02513
2.742e-08 2.17009e-07 0.100027 2.92687e-06 1.47146 4.48746e-23 5.63008e-08 1.02513
2.748e-08 8.07501e-09 0.100027 2.90559e-06 1.47146 4.48746e-23 5.63008e-08 1.02513
2.754e-08 8.48919e-09 0.100027 2.70182e-06 1.47146 4.48746e-23 5.63008e-08 1.02513
2.76e-08 2.17529e-07 0.100027 2.68137e-06 1.47146 4.48746e-23 5.63008e-08 1.02513
2.766e-08 2.70488e-07 0.100027 2.89021e-06 1.47146 4.48746e-23 5.63008e-08 1.02513
2.772e-08 7.49695e-08 0.100027 2.97429e-06 1.47146 4.48746e-23 5.63008e-08 1.02513
2.778e-08 -2.79097e-08 0.100027 2.79721e-06 1.47146 4.48746e-23 5.63008e-08 1.02513
2.784e-08 1.41341e-07 0.100028 2.67822e-06 1.47146 4.48746e-23 5.63008e-08 1.02513
2.79e-08 2.87434e-07 0.100028 2.83522e-06 1.47146 4.48746e-23 5.63007e-08 1.02513
2.796e-08 1.55484e-07 0.100028 3.00459e-06 1.47146 4.48746e-23 5.63007e-08 1.02513
2.802e-08 -2.42986e-08 0.100028 2.90114e-06 1.47146 4.48746e-23 5.63007e-08 1.02513
2.808e-08 6.17483e-08 0.100028 2.71565e-06 1.47146 4.48746e-23 5.63008e-08 1.02513
2.814e-08 2.63501e-07 0.100028 2.78204e-06 1.47146 4.48745e-23 5.63007e-08 1.02513
2.82e-08 2.28966e-07 0.100028 2.99478e-06 1.47146 4.48746e-23 5.63008e-08 1.02513
2.826e-08 1.83963e-08 0.100028 2.99301e-06 1.47146 4.48746e-23 5.63008e-08 1.02513
2.832e-08 -8.32885e-10 0.100028 2.79011e-06 1.47146 4.48746e-23 5.63007e-08 1.02513
2.838e-08 2.04828e-07 0.100028 2.75038e-06 1.47146 4.48746e-23 5.63008e-08 1.02513
2.844e-08 2.76567e-07 0.100028 2.95343e-06 1.47146 4.48746e-23 5.63007e-08 1.02513
2.85e-08 8.92231e-08 0.100028 3.0553e-06 1.47146 4.48746e-23 5.63008e-08 1.02513
2.856e-08 -3.03495e-08 0.100028 2.88856e-06 1.47146 4.48746e-23 5.63008e-08 1.02513
2.862e-08 1.26464e-07 0.100028 2.75442e-06 1.47146 4.48746e-23 5.63008e-08 1.02513
2.868e-08 2.86076e-07 0.100028 2.8972e-06 1.47146 4.48745e-23 5.63007e-08 1.02513
2.874e-08 1.70014e-07 0.100028 3.07811e-06 1.47146 4.48746e-23 5.63008e-08 1.02513
2.88e-08 -1.92303e-08 0.100028 2.99181e-06 1.47146 4.48746e-23 5.63008e-08 1.02513
2.886e-08 4.85125e-08 0.100029 2.79917e-06 1.47146 4.48746e-23 5.63007e-08 1.02514
2.892e-08 2.55053e-07 0.100029 2.84658e-06 1.47146 4.48746e-23 5.63008e-08 1.02514
2.898e-08 2.40045e-07 0.100029 3.06163e-06 1.47146 4.48746e-23 5.63008e-08 1.02514
2.904e-08 2.96727e-08 0.100029 3.07942e-06 1.47146 4.48746e-23 5.63008e-08 1.02514
2.91e-08 -9.03259e-09 0.100029 2.87921e-06 1.47146 4.48746e-23 5.63008e-08 1.02514
2.916e-08 1.91458e-07 0.100029 2.82061e-06 1.47146 4.48746e-23 5.63007e-08 1.02514
2.922e-08 2.81353e-07 0.100029 3.01614e-06 1.47146 4.48746e-23 5.63008e-08 1.02514
2.928e-08 1.03815e-07 0.100029 3.13497e-06 1.47146 4.48746e-23 5.63007e-08 1.02514
2.934e-08 -3.14098e-08 0.100029 2.98008e-06 1.47146 4.48746e-23 5.63008e-08 1.02514
2.94e-08 1.11602e-07 0.100029 2.832e-06 1.47146 4.48746e-23 5.63008e-08 1.02514
2.946e-08 2.83341e-07 0.100029 2.95938e-06 1.47146 4.48746e-23 5.63008e-08 1.02514
2.952e-08 1.84179e-07 0.100029 3.15029e-06 1.47146 4.48746e-23 5.63008e-08 1.02514
2.958e-08 -1.28791e-08 0.100029 3.08194e-06 1.47146 4.48746e-23 5.63008e-08 1.02514
2.964e-08 3.59694e-08 0.100029 2.88389e-06 1.47146 4.48746e-23 5.63007e-08 1.02514
2.97e-08 2.455e-07 0.100029 2.91196e-06 1.47146 4.48746e-23 5.63008e-08 1.02514
2.976e-08 2.50149e-07 0.100029 3.12749e-06 1.47146 4.48746e-23 5.63007e-08 1.02514
2.982e-08 4.18062e-08 0.100029 3.16474e-06 1.47146 4.48746e-23 5.63008e-08 1.02514
2.988e-08 -1.60385e-08 0.10003 2.96902e-06 1.47146 4.48746e-23 5.63007e-08 1.02514
2.994e-08 1.77535e-07 0.10003 2.8921e-06 1.47146 4.48746e-23 5.63008e-08 1.02514
