it time x y z u v w Bx By Bz
0 0 1.61405e-07 0.1 2.5284e-07 5379.97 156.777 8428.01 0 1 0.099668
2 6e-11 -2.24035e-08 0.1 1.56226e-07 -7615.62 351.791 6471.37 0 1 0.0996681
4 1.2e-10 5.63128e-08 0.1 -3.23641e-08 -7324.37 1655 -6604.13 0 1 0.0996681
6 1.8e-10 2.60219e-07 0.1 2.63968e-08 5745.58 1792.72 -7985.89 0 1 0.0996682
8 2.4e-10 2.33563e-07 0.1 2.40287e-07 8791.31 524.668 4736.83 0 1 0.0996682
10 3e-10 2.28515e-08 0.1 2.46434e-07 -3501.01 63.1948 9366.91 0 1 0.0996683
12 3.6e-10 -4.29112e-09 0.1 4.44101e-08 -9685.18 1213.42 -2173.67 0 1 0.0996684
14 4.2e-10 1.99491e-07 0.1 -3.01909e-09 1028.22 1968.57 -9750.26 0 1 0.0996684
16 4.8e-10 2.78662e-07 0.1 1.97193e-07 9947.7 1011.14 -144.112 0 1 0.0996685
18 5.4e-10 9.50943e-08 0.100001 3.06037e-07 1511.6 11.5453 9885.09 0 1 0.0996685
20 6e-10 -3.09453e-08 0.100001 1.43912e-07 -9561.77 713.761 2839.57 0 1 0.0996686
22 6.6e-10 1.20442e-07 0.100001 3.97247e-09 -3952.88 1892.65 -8988.47 0 1 0.0996687
24 7.2e-10 2.85134e-07 0.100001 1.40666e-07 8552.53 1491.42 -4962.85 0 1 0.0996687
26 7.8e-10 1.75795e-07 0.100001 3.25803e-07 6136.49 210.091 7892.99 0 1 0.0996688
28 8.4e-10 -1.68129e-08 0.100001 2.46676e-07 -6985.78 284.174 7149.7 0 1 0.0996688
30 9e-10 4.33503e-08 0.100001 5.16338e-08 -7920.08 1584.42 -5895.93 0 1 0.0996689
32 9.6e-10 2.51319e-07 0.100001 9.12604e-08 4963.65 1842.31 -8483.4 0 1 0.099669
34 1.02e-09 2.44253e-07 0.100001 3.06718e-07 9187.38 607.907 3901.6 0 1 0.099669
36 1.08e-09 3.44811e-08 0.100001 3.32398e-07 -2617.95 34.8515 9651.17 0 1 0.0996691
38 1.14e-09 -1.20121e-08 0.100001 1.33795e-07 -9855.79 1122.94 -1265.86 0 1 0.0996691
40 1.2e-09 1.8589e-07 0.100001 6.77054e-08 101.597 1973.81 -9802.74 0 1 0.0996692
42 1.26e-09 2.8291e-07 0.100001 2.59732e-07 9881.73 1102.95 -1065.32 0 1 0.0996692
44 1.32e-09 1.0978e-07 0.100001 3.85147e-07 2421.38 29.7451 9702.37 0 1 0.0996693
46 1.38e-09 -3.14442e-08 0.100001 2.35439e-07 -9263.51 626.588 3714.13 0 1 0.0996694
48 1.44e-09 1.05629e-07 0.100001 8.2098e-08 -4786.51 1852.18 -8582.47 0 1 0.0996694
50 1.5e-09 2.81851e-07 0.100002 2.02953e-07 8041.43 1568.25 -5733.76 0 1 0.0996695
52 1.56e-09 1.8977e-07 0.100002 3.97448e-07 6839.63 270.166 7290.16 0 1 0.0996695
54 1.62e-09 -9.96175e-09 0.100002 3.36548e-07 -6295.15 222.669 7766.69 0 1 0.0996696
56 1.68e-09 3.11246e-08 0.100002 1.36802e-07 -8446.89 1508.63 -5135.57 0 1 0.0996697
58 1.74e-09 2.41346e-07 0.100002 1.57001e-07 4138.52 1884.46 -8906.26 0 1 0.0996697
60 1.8e-09 2.53933e-07 0.100002 3.72202e-07 9503.53 694.446 3033.27 0 1 0.0996698
62 1.86e-09 4.6925e-08 0.100002 4.17245e-07 -1712.1 14.7906 9852.33 0 1 0.0996698
64 1.92e-09 -1.85144e-08 0.100002 2.23842e-07 -9940.66 1031.27 -346.171 0 1 0.0996699
66 1.98e-09 1.71785e-07 0.100002 1.39717e-07 -825.922 1970.46 -9769.09 0 1 0.09967
68 2.04e-09 2.85812e-07 0.100002 3.21939e-07 9729.78 1193.76 -1976.42 0 1 0.09967
70 2.1e-09 1.24625e-07 0.100002 4.62886e-07 3310.11 56.2732 9436.1 0 1 0.0996701
72 2.16e-09 -3.05554e-08 0.100002 3.26948e-07 -8884.66 542.548 4557.25 0 1 0.0996701
74 2.22e-09 9.10114e-08 0.100002 1.61591e-07 -5578.51 1804.19 -8100.93 0 1 0.0996702
76 2.28e-09 2.7723e-07 0.100002 2.65608e-07 7460.36 1640.03 -6453.93 0 1 0.0996702
78 2.34e-09 2.03208e-07 0.100002 4.6782e-07 7483.28 336.478 6624.75 0 1 0.0996703
80 2.4e-09 -1.90966e-09 0.100002 4.25729e-07 -5549.75 167.812 8316.98 0 1 0.0996704
82 2.46e-09 1.97422e-08 0.100002 2.23068e-07 -8900.22 1428.31 -4329.66 0 1 0.0996704
84 2.52e-09 2.30388e-07 0.100003 2.23714e-07 3277.37 1918.8 -9250.79 0 1 0.0996705
86 2.58e-09 2.62517e-07 0.100003 4.36837e-07 9736.99 783.533 2139.4 0 1 0.0996705
88 2.64e-09 6.00751e-08 0.100003 5.00903e-07 -791.342 3.18728 9968.64 0 1 0.0996706
90 2.7e-09 -2.37416e-08 0.100003 3.14434e-07 -9939.04 939.217 577.4 0 1 0.0996707
92 2.76e-09 1.57301e-07 0.100003 2.13058e-07 -1746.27 1958.55 -9649.59 0 1 0.0996707
94 2.82e-09 2.87341e-07 0.100003 3.83941e-07 9493.18 1282.77 -2869.48 0 1 0.0996708
96 2.88e-09 1.395e-07 0.100003 5.39244e-07 4170.05 90.8993 9088.59 0 1 0.0996708
98 2.94e-09 -2.82865e-08 0.100003 4.18311e-07 -8428.5 462.372 5361.59 0 1 0.0996709
100 3e-09 7.67156e-08 0.100003 2.42428e-07 -6321.99 1749.09 -7548.05 0 1 0.099671
102 3.06e-09 2.71311e-07 0.100003 3.28753e-07 6814.38 1706.14 -7117.11 0 1 0.099671
104 3.12e-09 2.15992e-07 0.100003 5.36974e-07 8061.82 408.451 5902.56 0 1 0.0996711
106 3.18e-09 7.27338e-09 0.100003 5.14109e-07 -4756.06 120.081 8795.77 0 1 0.0996711
108 3.24e-09 9.30213e-09 0.100003 3.10348e-07 -9276.13 1344.14 -3485.21 0 1 0.0996712
110 3.3e-09 2.18539e-07 0.100003 2.91487e-07 2387.69 1945.03 -9513.98 0 1 0.0996713
112 3.36e-09 2.69932e-07 0.100003 5.0073e-07 9885.75 874.392 1227.75 0 1 0.0996713
114 3.42e-09 7.38169e-08 0.100003 5.83312e-07 136.313 0.142837 9999.07 0 1 0.0996713
116 3.48e-09 -2.7648e-08 0.100003 4.05451e-07 -9850.95 847.574 1496.82 0 1 0.0996714
118 3.54e-09 1.42562e-07 0.100004 2.87756e-07 -2651.44 1938.19 -9445.28 0 1 0.0996715
120 3.6e-09 2.87484e-07 0.100004 4.45864e-07 9173.99 1369.21 -3736.74 0 1 0.0996715
122 3.66e-09 1.54276e-07 0.100004 6.14225e-07 4993.72 133.323 8662.85 0 1 0.0996716
124 3.72e-09 -2.46572e-08 0.100004 5.094e-07 -7899 386.757 6120.14 0 1 0.0996716
126 3.78e-09 6.28663e-08 0.100004 3.24573e-07 -7010.48 1687.35 -6928.64 0 1 0.0996717
128 3.84e-09 2.64146e-07 0.100004 3.92506e-07 6109.1 1765.98 -7717.52 0 1 0.0996718
130 3.9e-09 2.28012e-07 0.100004 6.04975e-07 8570.24 485.46 5129.85 0 1 0.0996718
132 3.96e-09 1.75075e-08 0.100004 6.01587e-07 -3920.97 79.8901 9198.89 0 1 0.0996719
134 4.02e-09 -1.0479e-10 0.100004 3.9855e-07 -9571.33 1256.86 -2609.58 0 1 0.099672
136 4.08e-09 2.05903e-07 0.100004 3.60397e-07 1477.23 1962.93 -9693.54 0 1 0.099672
138 4.14e-09 2.76113e-07 0.100004 5.63991e-07 9948.5 966.234 306.271 0 1 0.0996721
140 4.2e-09 8.80309e-08 0.100004 6.64422e-07 1062.8 5.68424 9943.36 0 1 0.0996721
142 4.26e-09 -3.01997e-08 0.100004 4.96768e-07 -9677.15 757.14 2404.08 0 1 0.0996722
144 4.32e-09 1.27696e-07 0.100004 3.6383e-07 -3533.55 1909.55 -9157.93 0 1 0.0996723
146 4.38e-09 2.8624e-07 0.100004 5.07839e-07 8774.97 1452.32 -4570.63 0 1 0.0996723
148 4.44e-09 1.68824e-07 0.100004 6.87844e-07 5773.95 183.174 8162.59 0 1 0.0996723
150 4.5e-09 -1.96991e-08 0.100004 6.0009e-07 -7300.77 316.363 6826.32 0 1 0.0996724
152 4.56e-09 4.95842e-08 0.100005 4.07978e-07 -7637.97 1619.52 -6248.08 0 1 0.0996725
154 4.62e-09 2.55796e-07 0.100005 4.5698e-07 5350.66 1819.05 -8249.94 0 1 0.0996725
156 4.68e-09 2.39163e-07 0.100005 6.71901e-07 9004.09 566.835 4313.35 0 1 0.0996726
158 4.74e-09 2.87037e-08 0.100005 6.8807e-07 -3051.75 47.5905 9522.84 0 1 0.0996726
160 4.8e-09 -8.39664e-09 0.100005 4.87575e-07 -9783.26 1167.23 -1710.37 0 1 0.0996727
162 4.86e-09 1.9259e-07 0.100005 4.30514e-07 553.909 1972.34 -9787.9 0 1 0.0996728
164 4.92e-09 2.81006e-07 0.100005 6.26737e-07 9924.68 1058.26 -617.033 0 1 0.0996728
166 4.98e-09 1.02593e-07 0.100005 7.44196e-07 1980.04 19.7637 9801.99 0 1 0.0996729
168 5.04e-09 -3.13744e-08 0.100005 5.88259e-07 -9419.14 668.704 3291.29 0 1 0.0996729
170 5.1e-09 1.12834e-07 0.100005 4.41285e-07 -4384.92 1872.88 -8790.04 0 1 0.099673
172 5.16e-09 2.8362e-07 0.100005 5.69994e-07 8299.59 1531.39 -5363.92 0 1 0.0996731
174 5.22e-09 1.83017e-07 0.100005 7.60128e-07 6503.96 240.021 7592.16 0 1 0.0996731
176 5.28e-09 -1.34552e-08 0.100005 6.90261e-07 -6639.01 251.801 7473.96 0 1 0.0996732
178 5.34e-09 3.69848e-08 0.100005 4.92587e-07 -8199.02 1546.18 -5512.29 0 1 0.0996732
180 5.4e-09 2.46336e-07 0.100005 5.22281e-07 4545.65 1864.88 -8709.72 0 1 0.0996733
182 5.46e-09 2.49347e-07 0.100005 7.37835e-07 9359.61 651.867 3460.17 0 1 0.0996733
184 5.52e-09 4.07647e-08 0.100005 7.73473e-07 -2155.97 23.4633 9764.8 0 1 0.0996734
186 5.58e-09 -1.55012e-08 0.100006 5.77316e-07 -9910.07 1076.03 -795.41 0 1 0.0996735
188 5.64e-09 1.78715e-07 0.100006 5.01893e-07 -374.25 1973.18 -9796.25 0 1 0.0996735
190 5.7e-09 2.84568e-07 0.100006 6.89091e-07 9814.52 1149.66 -1534.12 0 1 0.0996736
192 5.76e-09 1.17378e-07 0.100006 8.22607e-07 2880.08 42.2592 9576.19 0 1 0.0996736
194 5.82e-09 -3.11617e-08 0.100006 6.79796e-07 -9079.18 583.034 4150.73 0 1 0.0996737
196 5.88e-09 9.81034e-08 0.100006 5.20115e-07 -5198.16 1828.51 -8344.8 0 1 0.0996738
198 5.94e-09 2.79647e-07 0.100006 6.32455e-07 7751.99 1605.73 -6109.68 0 1 0.0996738
200 6e-09 1.96733e-07 0.100006 8.31115e-07 7177.39 303.369 6956.52 0 1 0.0996739
202 6.06e-09 -5.97978e-09 0.100006 7.79795e-07 -5919.48 193.635 8057.44 0 1 0.0996739
204 6.12e-09 2.51777e-08 0.100006 5.7833e-07 -8688.74 1467.98 -4727.67 0 1 0.099674
206 6.18e-09 2.35846e-07 0.100006 5.8851e-07 3701.08 1903.07 -9092.87 0 1 0.0996741
208 6.24e-09 2.58475e-07 0.100006 8.02872e-07 9633.69 739.818 2577.72 0 1 0.0996741
210 6.3e-09 5.35855e-08 0.100006 8.5772e-07 -1241.42 7.71904 9922.64 0 1 0.0996742
212 6.36e-09 -2.13567e-08 0.100006 6.6766e-07 -9950.65 984.057 127.339 0 1 0.0996742
214 6.42e-09 1.64399e-07 0.100006 5.74583e-07 -1299.16 1965.43 -9718.5 0 1 0.0996743
216 6.48e-09 2.86768e-07 0.100006 7.51177e-07 9618.95 1239.66 -2437.02 0 1 0.0996743
218 6.54e-09 1.32255e-07 0.100006 8.9964e-07 3755.06 72.9755 9267.91 0 1 0.0996744
220 6.6e-09 -2.95636e-08 0.100007 7.71248e-07 -8660.21 500.876 4974.92 0 1 0.0996745
222 6.66e-09 8.36338e-08 0.100007 6.00303e-07 -5966.17 1776.81 -7826.09 0 1 0.0996745
224 6.72e-09 2.74354e-07 0.100007 6.95347e-07 7136.94 1674.68 -6801.44 0 1 0.0996746
226 6.78e-09 2.09851e-07 0.100007 9.00856e-07 7788.37 372.666 6261.19 0 1 0.0996746
228 6.84e-09 2.66212e-09 0.100007 8.68581e-07 -5148.42 142.369 8571.67 0 1 0.0996747
230 6.9e-09 1.42657e-08 0.100007 6.65128e-07 -9102.85 1385.58 -3901.05 0 1 0.0996748
232 6.96e-09 2.24418e-07 0.100007 6.55757e-07 2824.29 1933.3 -9396.05 0 1 0.0996748
234 7.02e-09 2.6647e-07 0.100007 8.67114e-07 9823.95 829.922 1673.69 0 1 0.0996749
236 7.08e-09 6.70545e-08 0.100007 9.40747e-07 -316.054 0.495055 9995 0 1 0.0996749
238 7.14e-09 -2.5912e-08 0.100007 7.58487e-07 -9904.64 892.102 1049.85 0 1 0.099675
240 7.2e-09 1.49767e-07 0.100007 6.48618e-07 -2212.79 1949.17 -9555.33 0 1 0.0996751
242 7.26e-09 2.87588e-07 0.100007 8.13123e-07 9339.68 1327.45 -3317.87 0 1 0.0996751
244 7.32e-09 1.47097e-07 0.100007 9.75292e-07 4597.38 111.646 8879.84 0 1 0.0996752
246 7.38e-09 -2.65938e-08 0.100007 8.62489e-07 -8165.88 422.945 5756.69 0 1 0.0996752
248 7.44e-09 6.95506e-08 0.100007 6.81817e-07 -6682.28 1718.24 -7238.42 0 1 0.0996753
250 7.5e-09 2.67789e-07 0.100007 7.58789e-07 6459.77 1737.65 -7433.17 0 1 0.0996754
252 7.56e-09 2.22258e-07 0.100007 9.69411e-07 8331.59 447.311 5512.22 0 1 0.0996754
254 7.62e-09 1.23954e-08 0.100008 9.56513e-07 -4332.56 98.4512 9012.17 0 1 0.0996754
256 7.68e-09 4.34387e-09 0.100008 7.52896e-07 -9437.77 1299.72 -3039.61 0 1 0.0996755
258 7.74e-09 2.12151e-07 0.100008 7.24105e-07 1922.92 1955.28 -9616.61 0 1 0.0996756
260 7.8e-09 2.7326e-07 0.100008 9.30669e-07 9928.73 921.394 755.942 0 1 0.0996756
262 7.86e-09 8.10547e-08 0.100008 1.0225e-06 612.076 1.85469 9981.25 0 1 0.0996757
264 7.92e-09 -2.91275e-08 0.100008 8.49676e-07 -9772.45 800.97 1964.09 0 1 0.0996758
266 7.98e-09 1.34946e-07 0.100008 7.24021e-07 -3107.17 1924.54 -9308.15 0 1 0.0996758
268 8.04e-09 2.87019e-07 0.100008 8.75058e-07 8979.13 1412.29 -4169.01 0 1 0.0996759
270 8.1e-09 1.61773e-07 0.100008 1.04957e-06 5399.71 157.933 8415.35 0 1 0.0996759
272 8.16e-09 -2.22781e-08 0.100008 9.53392e-07 -7600.48 349.92 6489.24 0 1 0.099676
274 8.22e-09 5.59764e-08 0.100008 7.64617e-07 -7340.26 1653.3 -6586.9 0 1 0.0996761
276 8.28e-09 2.60007e-07 0.100008 8.22899e-07 5726.38 1794.09 -7999.37 0 1 0.0996761
278 8.34e-09 2.33846e-07 0.100008 1.03685e-06 8802.31 526.654 4716.14 0 1 0.0996762
280 8.4e-09 2.31353e-08 0.100008 1.04349e-06 -3478.98 62.2638 9375.12 0 1 0.0996762
282 8.46e-09 -4.50149e-09 0.100008 8.41535e-07 -9690.56 1211.13 -2150.86 0 1 0.0996763
284 8.52e-09 1.99153e-07 0.100008 7.93627e-07 1004.79 1968.85 -9752.64 0 1 0.0996764
286 8.58e-09 2.78786e-07 0.100008 9.93651e-07 9947.1 1013.44 -167.544 0 1 0.0996764
288 8.64e-09 9.54641e-08 0.100009 1.10293e-06 1534.89 11.7866 9881.5 0 1 0.0996764
290 8.7e-09 -3.09752e-08 0.100009 9.41101e-07 -9555.22 711.453 2862.11 0 1 0.0996765
292 8.76e-09 1.20065e-07 0.100009 8.00805e-07 -3974.52 1891.75 -8979.11 0 1 0.0996766
294 8.82e-09 2.85067e-07 0.100009 9.37109e-07 8540.44 1493.43 -4983.02 0 1 0.0996766
296 8.88e-09 1.76156e-07 0.100009 1.1225e-06 6155.06 211.437 7878.48 0 1 0.0996767
298 8.94e-09 -1.6654e-08 0.100009 1.04383e-06 -6968.94 282.436 7166.18 0 1 0.0996767
300 9e-09 4.30294e-08 0.100009 8.4865e-07 -7934.37 1582.56 -5877.19 0 1 0.0996768
302 9.06e-09 2.51078e-07 0.100009 8.87785e-07 4943.14 1843.5 -8495.11 0 1 0.0996769
304 9.12e-09 2.44513e-07 0.100009 1.10326e-06 9196.44 610.005 3879.86 0 1 0.0996769
306 9.18e-09 3.47886e-08 0.100009 1.12944e-06 -2595.11 34.1219 9657.34 0 1 0.099677
308 9.24e-09 -1.21933e-08 0.100009 9.30944e-07 -9859.03 1120.59 -1242.52 0 1 0.0996771
310 9.3e-09 1.85536e-07 0.100009 8.64385e-07 77.9145 1973.87 -9802.95 0 1 0.0996771
312 9.36e-09 2.83001e-07 0.100009 1.05618e-06 9878.92 1105.26 -1088.73 0 1 0.0996772
314 9.42e-09 1.10157e-07 0.100009 1.18201e-06 2444.36 30.2047 9696.61 0 1 0.0996772
316 9.48e-09 -3.14388e-08 0.100009 1.03263e-06 -9254.83 624.331 3736.09 0 1 0.0996773
318 9.54e-09 1.05253e-07 0.100009 8.78969e-07 -4807.3 1851.08 -8571.08 0 1 0.0996774
320 9.6e-09 2.81749e-07 0.100009 9.99406e-07 8027.43 1570.16 -5752.82 0 1 0.0996774
322 9.66e-09 1.9012e-07 0.10001 1.19412e-06 6856.86 271.69 7273.9 0 1 0.0996774
324 9.72e-09 -9.77047e-09 0.10001 1.13369e-06 -6276.74 221.081 7781.62 0 1 0.0996775
326 9.78e-09 3.08223e-08 0.10001 9.33851e-07 -8459.43 1506.63 -5115.47 0 1 0.0996776
328 9.84e-09 2.41077e-07 0.10001 9.5355e-07 4116.88 1885.47 -8916.07 0 1 0.0996776
330 9.9e-09 2.54167e-07 0.10001 1.16872e-06 9510.55 696.638 3010.66 0 1 0.0996777
332 9.96e-09 4.72537e-08 0.10001 1.21426e-06 -1688.65 14.2709 9856.38 0 1 0.0996777
334 1.002e-08 -1.86647e-08 0.10001 1.02101e-06 -9941.7 1028.88 -322.5 0 1 0.0996778
336 1.008e-08 1.71418e-07 0.10001 9.36433e-07 -849.655 1970.29 -9767.09 0 1 0.0996779
338 1.014e-08 2.85868e-07 0.10001 1.11838e-06 9724.77 1196.05 -1999.6 0 1 0.0996779
340 1.02e-08 1.25007e-07 0.10001 1.25971e-06 3332.58 56.9492 9428.19 0 1 0.099678
342 1.026e-08 -3.05143e-08 0.10001 1.12415e-06 -8873.89 540.362 4578.43 0 1 0.099678
344 1.032e-08 9.06394e-08 0.10001 9.585e-07 -5598.26 1802.89 -8087.59 0 1 0.0996781
346 1.038e-08 2.77094e-07 0.10001 1.06207e-06 7444.55 1641.82 -6471.72 0 1 0.0996782
348 1.044e-08 2.03545e-07 0.10001 1.26446e-06 7499 338.17 6606.87 0 1 0.0996782
350 1.05e-08 -1.68728e-09 0.10001 1.22286e-06 -5529.91 166.389 8330.21 0 1 0.0996783
352 1.056e-08 1.94612e-08 0.10001 1.02015e-06 -8910.89 1426.18 -4308.37 0 1 0.0996783
354 1.062e-08 2.30093e-07 0.100011 1.02029e-06 3254.78 1919.61 -9258.59 0 1 0.0996784
356 1.068e-08 2.62723e-07 0.100011 1.23334e-06 9741.9 785.8 2116.1 0 1 0.0996784
358 1.074e-08 6.04223e-08 0.100011 1.29789e-06 -767.486 2.88406 9970.5 0 1 0.0996785
360 1.08e-08 -2.38591e-08 0.100011 1.11162e-06 -9937.86 936.802 601.196 0 1 0.0996786
362 1.086e-08 1.56923e-07 0.100011 1.00981e-06 -1769.84 1958.17 -9645.37 0 1 0.0996786
364 1.092e-08 2.87362e-07 0.100011 1.18038e-06 9485.98 1285.02 -2892.22 0 1 0.0996787
366 1.098e-08 1.39883e-07 0.100011 1.33604e-06 4191.8 91.7879 9078.57 0 1 0.0996787
368 1.104e-08 -2.82098e-08 0.100011 1.21551e-06 -8415.73 460.277 5381.79 0 1 0.0996788
370 1.11e-08 7.63515e-08 0.100011 1.03938e-06 -6340.5 1747.59 -7532.86 0 1 0.0996789
372 1.116e-08 2.71141e-07 0.100011 1.12523e-06 6796.87 1707.78 -7133.44 0 1 0.0996789
374 1.122e-08 2.16313e-07 0.100011 1.33359e-06 8075.88 410.297 5883.18 0 1 0.099679
376 1.128e-08 7.52525e-09 0.100011 1.31122e-06 -4734.94 118.836 8807.17 0 1 0.099679
378 1.134e-08 9.04517e-09 0.100011 1.10746e-06 -9284.8 1341.91 -3462.9 0 1 0.0996791
380 1.14e-08 2.18221e-07 0.100011 1.08809e-06 2364.35 1945.64 -9519.68 0 1 0.0996792
382 1.146e-08 2.70108e-07 0.100011 1.29721e-06 9888.47 876.714 1203.97 0 1 0.0996792
384 1.152e-08 7.41798e-08 0.100011 1.38027e-06 160.374 0.0608731 9998.71 0 1 0.0996793
386 1.158e-08 -2.77315e-08 0.100011 1.20265e-06 -9847.52 845.16 1520.53 0 1 0.0996793
388 1.164e-08 1.42177e-07 0.100012 1.08455e-06 -2674.64 1937.58 -9438.86 0 1 0.0996794
390 1.17e-08 2.87469e-07 0.100012 1.24231e-06 9164.63 1371.4 -3758.82 0 1 0.0996794
392 1.176e-08 1.54657e-07 0.100012 1.41099e-06 5014.56 134.418 8650.79 0 1 0.0996795
394 1.182e-08 -2.45451e-08 0.100012 1.30659e-06 -7884.32 384.773 6139.18 0 1 0.0996796
396 1.188e-08 6.25135e-08 0.100012 1.12156e-06 -7027.58 1685.68 -6911.7 0 1 0.0996796
398 1.194e-08 2.63943e-07 0.100012 1.189e-06 6090.04 1767.47 -7732.24 0 1 0.0996797
400 1.2e-08 2.28314e-07 0.100012 1.40156e-06 8582.49 487.445 5109.14 0 1 0.0996797
402 1.206e-08 1.7787e-08 0.100012 1.39868e-06 -3898.76 78.8375 9208.34 0 1 0.0996798
404 1.212e-08 -3.35151e-10 0.100012 1.19569e-06 -9577.92 1254.54 -2586.43 0 1 0.0996799
406 1.218e-08 2.05565e-07 0.100012 1.15704e-06 1453.32 1963.33 -9697.07 0 1 0.0996799
408 1.224e-08 2.76257e-07 0.100012 1.36046e-06 9948.98 968.591 282.212 0 1 0.09968
410 1.23e-08 8.84065e-08 0.100012 1.46135e-06 1086.85 5.82637 9940.76 0 1 0.09968
412 1.236e-08 -3.0248e-08 0.100012 1.29398e-06 -9671.48 754.748 2427.5 0 1 0.0996801
414 1.242e-08 1.27308e-07 0.100012 1.16066e-06 -3556.18 1908.73 -9149.34 0 1 0.0996802
416 1.248e-08 2.86189e-07 0.100012 1.30428e-06 8763.52 1454.44 -4591.87 0 1 0.0996802
418 1.254e-08 1.69199e-07 0.100012 1.48457e-06 5793.68 184.469 8148.57 0 1 0.0996803
420 1.26e-08 -1.95522e-08 0.100012 1.39728e-06 -7284.28 314.508 6844 0 1 0.0996803
422 1.266e-08 4.92458e-08 0.100013 1.205e-06 -7653.5 1617.68 -6229.53 0 1 0.0996804
424 1.272e-08 2.55563e-07 0.100013 1.2535e-06 5330.19 1820.37 -8262.89 0 1 0.0996805
426 1.278e-08 2.39442e-07 0.100013 1.46846e-06 9014.41 568.943 4291.48 0 1 0.0996805
428 1.284e-08 2.90087e-08 0.100013 1.48514e-06 -3028.63 46.7406 9530.23 0 1 0.0996805
430 1.29e-08 -8.59808e-09 0.100013 1.28474e-06 -9787.67 1164.84 -1686.59 0 1 0.0996806
432 1.296e-08 1.92233e-07 0.100013 1.22719e-06 529.635 1972.51 -9789.21 0 1 0.0996807
434 1.302e-08 2.81116e-07 0.100013 1.4232e-06 9922.9 1060.63 -641.163 0 1 0.0996807
436 1.308e-08 1.02979e-07 0.100013 1.54109e-06 2003.88 20.1308 9797.15 0 1 0.0996808
438 1.314e-08 -3.13866e-08 0.100013 1.38548e-06 -9411.27 666.354 3314.21 0 1 0.0996809
440 1.32e-08 1.12445e-07 0.100013 1.23815e-06 -4406.77 1871.85 -8779.33 0 1 0.0996809
442 1.326e-08 2.83533e-07 0.100013 1.36645e-06 8286.13 1533.41 -5384.11 0 1 0.099681
444 1.332e-08 1.83384e-07 0.100013 1.55683e-06 6522.39 241.505 7576.29 0 1 0.099681
446 1.338e-08 -1.32744e-08 0.100013 1.48744e-06 -6620.83 250.092 7490.13 0 1 0.0996811
448 1.344e-08 3.66639e-08 0.100013 1.28964e-06 -8212.82 1544.19 -5492.27 0 1 0.0996812
450 1.35e-08 2.46073e-07 0.100013 1.31883e-06 4523.93 1866.01 -8720.78 0 1 0.0996812
452 1.356e-08 2.49601e-07 0.100013 1.53437e-06 9367.87 654.08 3437.31 0 1 0.0996813
454 1.362e-08 4.10926e-08 0.100013 1.57052e-06 -2132.12 22.8257 9770.03 0 1 0.0996813
456 1.368e-08 -1.56716e-08 0.100014 1.3745e-06 -9912.25 1073.59 -771.189 0 1 0.0996814
458 1.374e-08 1.78343e-07 0.100014 1.2986e-06 -398.675 1973.12 -9795.3 0 1 0.0996815
460 1.38e-08 2.84643e-07 0.100014 1.48554e-06 9810.46 1152.03 -1558.11 0 1 0.0996815
462 1.386e-08 1.17769e-07 0.100014 1.61947e-06 2903.49 42.8502 9569.11 0 1 0.0996815
464 1.392e-08 -3.11374e-08 0.100014 1.47702e-06 -9069.14 580.748 4172.94 0 1 0.0996816
466 1.398e-08 9.77179e-08 0.100014 1.31702e-06 -5219.02 1827.27 -8332.04 0 1 0.0996817
468 1.404e-08 2.79524e-07 0.100014 1.42892e-06 7736.62 1607.63 -6128.65 0 1 0.0996817
470 1.41e-08 1.97087e-07 0.100014 1.62778e-06 7194.34 305.03 6938.91 0 1 0.0996818
472 1.416e-08 -5.76634e-09 0.100014 1.57696e-06 -5899.75 192.088 8071.93 0 1 0.0996818
474 1.422e-08 2.48774e-08 0.100014 1.37542e-06 -8700.67 1465.85 -4706.34 0 1 0.0996819
476 1.428e-08 2.35555e-07 0.100014 1.38508e-06 3678.3 1904.01 -9101.92 0 1 0.099682
478 1.434e-08 2.58702e-07 0.100014 1.59939e-06 9639.81 742.117 2554.07 0 1 0.099682
480 1.44e-08 5.39338e-08 0.100014 1.65474e-06 -1217.05 7.3012 9925.66 0 1 0.0996821
482 1.446e-08 -2.14942e-08 0.100014 1.46486e-06 -9950.55 981.581 151.788 0 1 0.0996821
484 1.452e-08 1.64015e-07 0.100014 1.37133e-06 -1323.53 1965.15 -9715.27 0 1 0.0996822
486 1.458e-08 2.86808e-07 0.100014 1.54762e-06 9612.63 1241.99 -2460.66 0 1 0.0996823
488 1.464e-08 1.3265e-07 0.100014 1.69647e-06 3777.83 73.7872 9258.65 0 1 0.0996823
490 1.47e-08 -2.95025e-08 0.100015 1.56847e-06 -8648.07 498.675 4996.22 0 1 0.0996824
492 1.476e-08 8.32548e-08 0.100015 1.39725e-06 -5985.86 1775.37 -7811.37 0 1 0.0996825
494 1.482e-08 2.74196e-07 0.100015 1.49182e-06 7119.76 1676.44 -6818.99 0 1 0.0996825
496 1.488e-08 2.1019e-07 0.100015 1.69749e-06 7803.68 374.493 6241.98 0 1 0.0996825
498 1.494e-08 2.90671e-09 0.100015 1.66573e-06 -5127.31 141 8584.33 0 1 0.0996826
500 1.5e-08 1.39889e-08 0.100015 1.46225e-06 -9112.79 1383.34 -3878.59 0 1 0.0996827
502 1.506e-08 2.24102e-07 0.100015 1.45236e-06 2800.63 1934.02 -9402.98 0 1 0.0996827
504 1.512e-08 2.66666e-07 0.100015 1.66361e-06 9827.85 832.287 1649.45 0 1 0.0996828
506 1.518e-08 6.74204e-08 0.100015 1.73774e-06 -291.376 0.302793 9995.75 0 1 0.0996828
508 1.524e-08 -2.60151e-08 0.100015 1.55571e-06 -9902.24 889.617 1074.31 0 1 0.0996829
510 1.53e-08 1.49374e-07 0.100015 1.4454e-06 -2236.87 1948.66 -9549.82 0 1 0.099683
512 1.536e-08 2.87591e-07 0.100015 1.60957e-06 9331.12 1329.74 -3340.95 0 1 0.099683
514 1.542e-08 1.4749e-07 0.100015 1.77208e-06 4619.3 112.673 8868.45 0 1 0.0996831
516 1.548e-08 -2.64961e-08 0.100015 1.65971e-06 -8151.72 420.849 5776.88 0 1 0.0996831
518 1.554e-08 6.91816e-08 0.100015 1.4788e-06 -6700.61 1716.6 -7221.85 0 1 0.0996832
520 1.56e-08 2.67597e-07 0.100015 1.55528e-06 6440.91 1739.26 -7449.13 0 1 0.0996833
522 1.566e-08 2.22579e-07 0.100015 1.76602e-06 8345.11 449.288 5491.57 0 1 0.0996833
524 1.572e-08 1.26693e-08 0.100016 1.75364e-06 -4310.23 97.2739 9022.88 0 1 0.0996834
526 1.578e-08 4.09326e-09 0.100016 1.55004e-06 -9445.6 1297.37 -3016.2 0 1 0.0996834
528 1.584e-08 2.11813e-07 0.100016 1.52074e-06 1898.58 1955.79 -9621.35 0 1 0.0996835
530 1.59e-08 2.73424e-07 0.100016 1.72715e-06 9930.35 923.805 731.307 0 1 0.0996835
532 1.596e-08 8.14351e-08 0.100016 1.81946e-06 636.85 1.8918 9979.7 0 1 0.0996836
534 1.602e-08 -2.91949e-08 0.100016 1.64691e-06 -9767.74 798.497 1988.36 0 1 0.0996837
536 1.608e-08 1.34548e-07 0.100016 1.52085e-06 -3130.76 1923.8 -9300.39 0 1 0.0996837
538 1.614e-08 2.86985e-07 0.100016 1.67151e-06 8968.4 1414.51 -4191.31 0 1 0.0996838
540 1.62e-08 1.62162e-07 0.100016 1.84633e-06 5420.58 159.169 8401.9 0 1 0.0996838
542 1.626e-08 -2.21443e-08 0.100016 1.75061e-06 -7584.41 347.947 6508.12 0 1 0.0996839
544 1.632e-08 5.56207e-08 0.100016 1.56164e-06 -7357.04 1651.49 -6568.6 0 1 0.099684
546 1.638e-08 2.59783e-07 0.100016 1.61941e-06 5706 1795.53 -8013.59 0 1 0.099684
548 1.644e-08 2.34144e-07 0.100016 1.83343e-06 8813.9 528.765 4694.2 0 1 0.0996841
550 1.65e-08 2.34365e-08 0.100016 1.8406e-06 -3455.63 61.29 9383.76 0 1 0.0996841
552 1.656e-08 -4.72343e-09 0.100016 1.63871e-06 -9696.2 1208.7 -2126.69 0 1 0.0996842
554 1.662e-08 1.98795e-07 0.100016 1.59029e-06 979.982 1969.13 -9755.11 0 1 0.0996843
556 1.668e-08 2.78917e-07 0.100016 1.79012e-06 9946.41 1015.88 -192.354 0 1 0.0996843
558 1.674e-08 9.58559e-08 0.100017 1.89985e-06 1559.55 12.0548 9877.63 0 1 0.0996844
560 1.68e-08 -3.10059e-08 0.100017 1.73834e-06 -9548.22 709.015 2885.96 0 1 0.0996844
562 1.686e-08 1.19665e-07 0.100017 1.59767e-06 -3997.41 1890.78 -8969.15 0 1 0.0996845
564 1.692e-08 2.84996e-07 0.100017 1.73356e-06 8527.6 1495.55 -5004.34 0 1 0.0996846
566 1.698e-08 1.76538e-07 0.100017 1.91923e-06 6174.69 212.872 7863.07 0 1 0.0996846
568 1.704e-08 -1.64849e-08 0.100017 1.84104e-06 -6951.07 280.606 7183.58 0 1 0.0996847
570 1.71e-08 4.26903e-08 0.100017 1.64571e-06 -7949.44 1580.58 -5857.31 0 1 0.0996847
572 1.716e-08 2.50822e-07 0.100017 1.68432e-06 4921.41 1844.76 -8507.44 0 1 0.0996848
574 1.722e-08 2.44787e-07 0.100017 1.89981e-06 9205.98 612.232 3856.82 0 1 0.0996848
576 1.728e-08 3.51146e-08 0.100017 1.92652e-06 -2570.92 33.362 9663.81 0 1 0.0996849
578 1.734e-08 -1.23843e-08 0.100017 1.72814e-06 -9862.39 1118.09 -1217.81 0 1 0.099685
580 1.74e-08 1.8516e-07 0.100017 1.66109e-06 52.8454 1973.92 -9803.1 0 1 0.099685
582 1.746e-08 2.83097e-07 0.100017 1.85264e-06 9875.89 1107.7 -1113.5 0 1 0.0996851
584 1.752e-08 1.10557e-07 0.100017 1.9789e-06 2468.68 30.7039 9690.44 0 1 0.0996851
586 1.758e-08 -3.14321e-08 0.100017 1.82988e-06 -9245.58 621.949 3759.31 0 1 0.0996852
588 1.764e-08 1.04854e-07 0.100017 1.67588e-06 -4829.27 1849.9 -8558.97 0 1 0.0996853
590 1.77e-08 2.81641e-07 0.100017 1.79587e-06 8012.56 1572.18 -5772.96 0 1 0.0996853
592 1.776e-08 1.90491e-07 0.100018 1.99081e-06 6875.05 273.314 7256.65 0 1 0.0996854
594 1.782e-08 -9.56717e-09 0.100018 1.93089e-06 -6257.21 219.41 7797.38 0 1 0.0996854
596 1.788e-08 3.05028e-08 0.100018 1.73095e-06 -8472.65 1504.51 -5094.17 0 1 0.0996855
598 1.794e-08 2.40792e-07 0.100018 1.75012e-06 4093.96 1886.53 -8926.39 0 1 0.0996856
600 1.8e-08 2.54414e-07 0.100018 1.96525e-06 9517.93 698.963 2986.71 0 1 0.0996856
602 1.806e-08 4.76021e-08 0.100018 2.01131e-06 -1663.83 13.7337 9860.6 0 1 0.0996856
604 1.812e-08 -1.88228e-08 0.100018 1.81823e-06 -9942.74 1026.35 -297.449 0 1 0.0996857
606 1.818e-08 1.71029e-07 0.100018 1.73318e-06 -874.764 1970.12 -9764.91 0 1 0.0996858
608 1.824e-08 2.85927e-07 0.100018 1.91484e-06 9719.4 1198.47 -2024.1 0 1 0.0996858
610 1.83e-08 1.25411e-07 0.100018 2.05657e-06 3356.34 57.6771 9419.75 0 1 0.0996859
612 1.836e-08 -3.047e-08 0.100018 1.9214e-06 -8862.45 538.057 4600.81 0 1 0.099686
614 1.842e-08 9.02461e-08 0.100018 1.75545e-06 -5619.11 1801.5 -8073.43 0 1 0.099686
616 1.848e-08 2.76949e-07 0.100018 1.85855e-06 7427.77 1643.7 -6490.49 0 1 0.0996861
618 1.854e-08 2.03902e-07 0.100018 2.06112e-06 7515.58 339.97 6587.9 0 1 0.0996861
620 1.86e-08 -1.45118e-09 0.100018 2.02004e-06 -5508.88 164.894 8344.16 0 1 0.0996862
622 1.866e-08 1.91646e-08 0.100018 1.81728e-06 -8922.12 1423.93 -4285.82 0 1 0.0996863
624 1.872e-08 2.29781e-07 0.100019 1.81689e-06 3230.87 1920.46 -9266.78 0 1 0.0996863
626 1.878e-08 2.62941e-07 0.100019 2.02985e-06 9747.03 788.202 2091.45 0 1 0.0996864
628 1.884e-08 6.07901e-08 0.100019 2.09491e-06 -742.243 2.57623 9972.42 0 1 0.0996864
630 1.89e-08 -2.39826e-08 0.100019 1.90886e-06 -9936.54 934.25 626.367 0 1 0.0996865
632 1.896e-08 1.56524e-07 0.100019 1.80659e-06 -1794.77 1957.75 -9640.85 0 1 0.0996866
634 1.902e-08 2.87383e-07 0.100019 1.97683e-06 9478.3 1287.4 -2916.25 0 1 0.0996866
636 1.908e-08 1.40289e-07 0.100019 2.13286e-06 4214.79 92.7401 9067.91 0 1 0.0996866
638 1.914e-08 -2.81277e-08 0.100019 2.01276e-06 -8402.17 458.07 5403.12 0 1 0.0996867
640 1.92e-08 7.59667e-08 0.100019 1.83636e-06 -6360.04 1746.01 -7516.73 0 1 0.0996868
642 1.926e-08 2.70961e-07 0.100019 1.92173e-06 6778.31 1709.52 -7150.67 0 1 0.0996868
644 1.932e-08 2.16652e-07 0.100019 2.13022e-06 8090.69 412.259 5862.65 0 1 0.0996869
646 1.938e-08 7.79241e-09 0.100019 2.10838e-06 -4712.58 117.532 8819.17 0 1 0.0996869
648 1.944e-08 8.77414e-09 0.100019 1.90462e-06 -9293.92 1339.54 -3439.29 0 1 0.099687
650 1.95e-08 2.17885e-07 0.100019 1.88472e-06 2339.64 1946.27 -9525.66 0 1 0.0996871
652 1.956e-08 2.70294e-07 0.100019 2.09371e-06 9891.28 879.174 1178.82 0 1 0.0996871
654 1.962e-08 7.4564e-08 0.100019 2.17726e-06 185.82 -0.0127554 9998.27 0 1 0.0996872
656 1.968e-08 -2.78188e-08 0.100019 1.9999e-06 -9843.84 842.61 1545.6 0 1 0.0996872
658 1.974e-08 1.4177e-07 0.10002 1.88137e-06 -2699.17 1936.94 -9432.01 0 1 0.0996873
660 1.98e-08 2.87453e-07 0.10002 2.03876e-06 9154.68 1373.72 -3782.16 0 1 0.0996874
662 1.986e-08 1.5506e-07 0.10002 2.20778e-06 5036.56 135.588 8637.98 0 1 0.0996874
664 1.992e-08 -2.44256e-08 0.10002 2.10384e-06 -7868.74 382.684 6159.26 0 1 0.0996875
666 1.998e-08 6.21408e-08 0.10002 1.91858e-06 -7045.62 1683.91 -6893.74 0 1 0.0996876
668 2.004e-08 2.63728e-07 0.10002 1.98552e-06 6069.84 1769.04 -7747.75 0 1 0.0996876
670 2.01e-08 2.28632e-07 0.10002 2.19816e-06 8595.38 489.552 5087.21 0 1 0.0996876
672 2.016e-08 1.80832e-08 0.10002 2.19582e-06 -3875.25 77.7364 9218.27 0 1 0.0996877
674 2.022e-08 -5.77895e-10 0.10002 1.99287e-06 -9584.82 1252.08 -2561.95 0 1 0.0996878
676 2.028e-08 2.05206e-07 0.10002 1.9537e-06 1428.03 1963.73 -9700.75 0 1 0.0996878
678 2.034e-08 2.76408e-07 0.10002 2.15694e-06 9949.43 971.086 256.773 0 1 0.0996879
680 2.04e-08 8.88039e-08 0.10002 2.25831e-06 1112.28 5.98971 9937.95 0 1 0.0996879
682 2.046e-08 -3.0298e-08 0.10002 2.09124e-06 -9665.44 752.223 2452.25 0 1 0.099688
684 2.052e-08 1.26897e-07 0.10002 1.95752e-06 -3580.08 1907.85 -9140.19 0 1 0.0996881
686 2.058e-08 2.86135e-07 0.10002 2.10074e-06 8751.36 1456.67 -4614.3 0 1 0.0996881
688 2.064e-08 1.69596e-07 0.10002 2.28133e-06 5814.49 185.848 8133.7 0 1 0.0996882
690 2.07e-08 -1.9396e-08 0.10002 2.19452e-06 -7266.79 312.556 6862.65 0 1 0.0996882
692 2.076e-08 4.88885e-08 0.100021 2.00206e-06 -7669.87 1615.73 -6209.87 0 1 0.0996883
694 2.082e-08 2.55315e-07 0.100021 2.05003e-06 5308.51 1821.75 -8276.53 0 1 0.0996884
696 2.088e-08 2.39736e-07 0.100021 2.26504e-06 9025.25 571.178 4268.33 0 1 0.0996884
698 2.094e-08 2.93316e-08 0.100021 2.28226e-06 -3004.16 45.8547 9537.97 0 1 0.0996885
700 2.1e-08 -8.81011e-09 0.100021 2.08195e-06 -9792.28 1162.31 -1661.43 0 1 0.0996885
702 2.106e-08 1.91856e-07 0.100021 2.02389e-06 503.974 1972.68 -9790.53 0 1 0.0996886
704 2.112e-08 2.81232e-07 0.100021 2.21966e-06 9920.95 1063.14 -666.665 0 1 0.0996886
706 2.118e-08 1.03386e-07 0.100021 2.33801e-06 2029.07 20.5318 9791.96 0 1 0.0996887
708 2.124e-08 -3.13985e-08 0.100021 2.18275e-06 -9402.89 663.877 3338.41 0 1 0.0996888
710 2.13e-08 1.12034e-07 0.100021 2.03506e-06 -4429.83 1870.75 -8767.95 0 1 0.0996888
712 2.136e-08 2.8344e-07 0.100021 2.16291e-06 8271.85 1535.54 -5405.42 0 1 0.0996889
714 2.142e-08 1.83771e-07 0.100021 2.35355e-06 6541.82 243.084 7559.46 0 1 0.0996889
716 2.148e-08 -1.30824e-08 0.100021 2.28467e-06 -6601.58 248.296 7507.16 0 1 0.099689
718 2.154e-08 3.63254e-08 0.100021 2.08674e-06 -8227.35 1542.08 -5471.07 0 1 0.0996891
720 2.16e-08 2.45794e-07 0.100021 2.11539e-06 4500.95 1867.2 -8732.41 0 1 0.0996891
722 2.166e-08 2.49868e-07 0.100021 2.33092e-06 9376.55 656.425 3413.14 0 1 0.0996892
724 2.172e-08 4.14398e-08 0.100021 2.36761e-06 -2106.91 22.1646 9775.5 0 1 0.0996892
726 2.178e-08 -1.58508e-08 0.100022 2.17174e-06 -9914.49 1071 -745.59 0 1 0.0996893
728 2.184e-08 1.7795e-07 0.100022 2.09534e-06 -424.482 1973.06 -9794.23 0 1 0.0996894
730 2.19e-08 2.84722e-07 0.100022 2.282e-06 9806.11 1154.53 -1583.45 0 1 0.0996894
732 2.196e-08 1.18183e-07 0.100022 2.41636e-06 2928.2 43.4874 9561.58 0 1 0.0996895
734 2.202e-08 -3.11107e-08 0.100022 2.2743e-06 -9058.47 578.34 4196.38 0 1 0.0996895
736 2.208e-08 9.73108e-08 0.100022 2.11397e-06 -5241.03 1825.94 -8318.5 0 1 0.0996896
738 2.214e-08 2.79393e-07 0.100022 2.22539e-06 7720.32 1609.63 -6148.64 0 1 0.0996897
740 2.22e-08 1.97461e-07 0.100022 2.42447e-06 7212.2 306.796 6920.26 0 1 0.0996897
742 2.226e-08 -5.53995e-09 0.100022 2.37417e-06 -5878.88 190.465 8087.18 0 1 0.0996898
744 2.232e-08 2.45609e-08 0.100022 2.17255e-06 -8713.21 1463.6 -4683.78 0 1 0.0996898
746 2.238e-08 2.35248e-07 0.100022 2.18167e-06 3654.2 1904.99 -9111.41 0 1 0.0996899
748 2.244e-08 2.5894e-07 0.100022 2.39592e-06 9646.21 744.551 2529.07 0 1 0.0996899
750 2.25e-08 5.43023e-08 0.100022 2.4518e-06 -1191.3 6.87281 9928.78 0 1 0.09969
752 2.256e-08 -2.16385e-08 0.100022 2.26212e-06 -9950.38 978.966 177.616 0 1 0.0996901
754 2.262e-08 1.6361e-07 0.100022 2.16811e-06 -1349.26 1964.84 -9711.79 0 1 0.0996901
756 2.268e-08 2.86849e-07 0.100022 2.34408e-06 9605.89 1244.46 -2485.61 0 1 0.0996902
758 2.274e-08 1.33066e-07 0.100022 2.49332e-06 3801.86 74.6571 9248.8 0 1 0.0996902
760 2.28e-08 -2.9437e-08 0.100023 2.36575e-06 -8635.19 496.357 5018.69 0 1 0.0996903
762 2.286e-08 8.28548e-08 0.100023 2.19424e-06 -6006.61 1773.83 -7795.77 0 1 0.0996904
764 2.292e-08 2.74029e-07 0.100023 2.28831e-06 7101.56 1678.3 -6837.48 0 1 0.0996904
766 2.298e-08 2.10548e-07 0.100023 2.49415e-06 7819.8 376.432 6221.65 0 1 0.0996905
768 2.304e-08 3.16589e-09 0.100023 2.46292e-06 -5104.99 139.566 8597.65 0 1 0.0996905
770 2.31e-08 1.36974e-08 0.100023 2.25942e-06 -9123.22 1380.96 -3854.83 0 1 0.0996906
772 2.316e-08 2.23768e-07 0.100023 2.24898e-06 2775.62 1934.78 -9410.24 0 1 0.0996907
774 2.322e-08 2.66873e-07 0.100023 2.46012e-06 9831.9 834.789 1623.83 0 1 0.0996907
776 2.328e-08 6.78073e-08 0.100023 2.53476e-06 -265.311 0.112918 9996.48 0 1 0.0996907
778 2.334e-08 -2.6123e-08 0.100023 2.35298e-06 -9899.64 886.995 1100.14 0 1 0.0996908
780 2.34e-08 1.4896e-07 0.100023 2.24222e-06 -2262.29 1948.11 -9543.94 0 1 0.0996909
782 2.346e-08 2.87593e-07 0.100023 2.40602e-06 9322.03 1332.16 -3365.29 0 1 0.0996909
784 2.352e-08 1.47906e-07 0.100023 2.5689e-06 4642.42 113.77 8856.35 0 1 0.099691
786 2.358e-08 -2.6392e-08 0.100023 2.45699e-06 -8136.71 418.643 5798.16 0 1 0.0996911
788 2.364e-08 6.87923e-08 0.100023 2.27583e-06 -6719.91 1714.87 -7204.31 0 1 0.0996911
790 2.37e-08 2.67393e-07 0.100023 2.35179e-06 6420.96 1740.96 -7465.94 0 1 0.0996912
792 2.376e-08 2.22916e-07 0.100023 2.56264e-06 8359.33 451.384 5469.72 0 1 0.0996912
794 2.382e-08 1.29593e-08 0.100024 2.55081e-06 -4286.64 96.0427 9034.13 0 1 0.0996913
796 2.388e-08 3.82949e-09 0.100024 2.34724e-06 -9453.81 1294.89 -2991.46 0 1 0.0996914
798 2.394e-08 2.11455e-07 0.100024 2.31739e-06 1872.86 1956.32 -9626.28 0 1 0.0996914
800 2.4e-08 2.73597e-07 0.100024 2.52364e-06 9931.99 926.355 705.292 0 1 0.0996915
802 2.406e-08 8.18371e-08 0.100024 2.61645e-06 663.004 1.94422 9978 0 1 0.0996915
804 2.412e-08 -2.9265e-08 0.100024 2.4442e-06 -9762.71 795.89 2013.96 0 1 0.0996916
806 2.418e-08 1.34128e-07 0.100024 2.3177e-06 -3155.65 1923.01 -9292.14 0 1 0.0996917
808 2.424e-08 2.86948e-07 0.100024 2.46796e-06 8957 1416.85 -4214.82 0 1 0.0996917
810 2.43e-08 1.62573e-07 0.100024 2.64312e-06 5442.58 160.486 8387.65 0 1 0.0996917
812 2.436e-08 -2.20021e-08 0.100024 2.54788e-06 -7567.38 345.874 6528.02 0 1 0.0996918
814 2.442e-08 5.52456e-08 0.100024 2.35871e-06 -7374.71 1649.57 -6549.25 0 1 0.0996919
816 2.448e-08 2.59544e-07 0.100024 2.41594e-06 5684.45 1797.05 -8028.55 0 1 0.0996919
818 2.454e-08 2.34459e-07 0.100024 2.63003e-06 8826.08 531.001 4671.02 0 1 0.099692
820 2.46e-08 2.37551e-08 0.100024 2.63775e-06 -3430.95 60.2744 9392.81 0 1 0.099692
822 2.466e-08 -4.95681e-09 0.100024 2.43594e-06 -9702.08 1206.13 -2101.17 0 1 0.0996921
824 2.472e-08 1.98416e-07 0.100024 2.38698e-06 953.785 1969.42 -9757.65 0 1 0.0996922
826 2.478e-08 2.79054e-07 0.100024 2.5866e-06 9945.6 1018.45 -218.54 0 1 0.0996922
828 2.484e-08 9.62696e-08 0.100025 2.69681e-06 1585.56 12.3512 9873.49 0 1 0.0996923
830 2.49e-08 -3.10372e-08 0.100025 2.53564e-06 -9540.77 706.446 2911.12 0 1 0.0996923
832 2.496e-08 1.19243e-07 0.100025 2.39457e-06 -4021.54 1889.76 -8958.57 0 1 0.0996924
834 2.502e-08 2.84919e-07 0.100025 2.53003e-06 8513.98 1497.8 -5026.8 0 1 0.0996925
836 2.508e-08 1.76941e-07 0.100025 2.71598e-06 6195.36 214.398 7846.76 0 1 0.0996925
838 2.514e-08 -1.63055e-08 0.100025 2.6383e-06 -6932.16 278.684 7201.91 0 1 0.0996926
840 2.52e-08 4.23329e-08 0.100025 2.44281e-06 -7965.3 1578.5 -5836.3 0 1 0.0996927
842 2.526e-08 2.50551e-07 0.100025 2.48088e-06 4898.43 1846.08 -8520.41 0 1 0.0996927
844 2.532e-08 2.45075e-07 0.100025 2.69638e-06 9215.98 614.589 3832.48 0 1 0.0996927
846 2.538e-08 3.54594e-08 0.100025 2.72364e-06 -2545.38 32.5729 9670.57 0 1 0.0996928
848 2.544e-08 -1.2585e-08 0.100025 2.52539e-06 -9865.88 1115.46 -1191.72 0 1 0.0996929
850 2.55e-08 1.84764e-07 0.100025 2.45782e-06 26.3899 1973.97 -9803.2 0 1 0.0996929
852 2.556e-08 2.83196e-07 0.100025 2.64911e-06 9872.62 1110.27 -1139.63 0 1 0.099693
854 2.562e-08 1.10979e-07 0.100025 2.77582e-06 2494.32 31.2438 9683.87 0 1 0.099693
856 2.568e-08 -3.1424e-08 0.100025 2.62719e-06 -9235.76 619.44 3783.79 0 1 0.0996931
858 2.574e-08 1.04434e-07 0.100025 2.47282e-06 -4852.43 1848.65 -8546.14 0 1 0.0996932
860 2.58e-08 2.81525e-07 0.100025 2.59234e-06 7996.82 1574.3 -5794.17 0 1 0.0996932
862 2.586e-08 1.90882e-07 0.100026 2.78753e-06 6894.2 275.038 7238.39 0 1 0.0996933
864 2.592e-08 -9.3517e-09 0.100026 2.72813e-06 -6236.57 217.658 7813.95 0 1 0.0996933
866 2.598e-08 3.01665e-08 0.100026 2.52809e-06 -8486.54 1502.27 -5071.66 0 1 0.0996934
868 2.604e-08 2.40491e-07 0.100026 2.5467e-06 4069.75 1887.64 -8937.22 0 1 0.0996935
870 2.61e-08 2.54673e-07 0.100026 2.7618e-06 9525.65 701.421 2961.43 0 1 0.0996935
872 2.616e-08 4.79701e-08 0.100026 2.8084e-06 -1637.63 13.18 9864.99 0 1 0.0996936
874 2.622e-08 -1.89885e-08 0.100026 2.6155e-06 -9943.77 1023.67 -271.017 0 1 0.0996936
876 2.628e-08 1.70618e-07 0.100026 2.52994e-06 -901.247 1969.92 -9762.54 0 1 0.0996937
878 2.634e-08 2.85988e-07 0.100026 2.7113e-06 9713.66 1201.02 -2049.94 0 1 0.0996937
880 2.64e-08 1.25838e-07 0.100026 2.85346e-06 3381.38 58.4578 9410.79 0 1 0.0996938
882 2.646e-08 -3.0422e-08 0.100026 2.7187e-06 -8850.32 535.631 4624.39 0 1 0.0996939
884 2.652e-08 8.98314e-08 0.100026 2.55243e-06 -5641.07 1800.03 -8058.42 0 1 0.0996939
886 2.658e-08 2.76795e-07 0.100026 2.65504e-06 7410.02 1645.69 -6510.25 0 1 0.099694
888 2.664e-08 2.04278e-07 0.100026 2.8578e-06 7533.02 341.878 6567.85 0 1 0.099694
890 2.67e-08 -1.20122e-09 0.100026 2.81727e-06 -5486.66 163.328 8358.82 0 1 0.0996941
892 2.676e-08 1.88524e-08 0.100026 2.61445e-06 -8933.9 1421.55 -4262 0 1 0.0996942
894 2.682e-08 2.29451e-07 0.100027 2.6135e-06 3205.63 1921.35 -9275.36 0 1 0.0996942
896 2.688e-08 2.63169e-07 0.100027 2.82637e-06 9752.37 790.741 2065.43 0 1 0.0996943
898 2.694e-08 6.11785e-08 0.100027 2.89197e-06 -715.613 2.26485 9974.36 0 1 0.0996943
900 2.7e-08 -2.41116e-08 0.100027 2.70615e-06 -9935.08 931.56 652.912 0 1 0.0996944
902 2.706e-08 1.56102e-07 0.100027 2.6034e-06 -1821.05 1957.31 -9636.01 0 1 0.0996945
904 2.712e-08 2.87405e-07 0.100027 2.77329e-06 9470.13 1289.91 -2941.57 0 1 0.0996945
906 2.718e-08 1.40716e-07 0.100027 2.92971e-06 4239 93.7568 9056.61 0 1 0.0996946
908 2.724e-08 -2.804e-08 0.100027 2.81006e-06 -8387.81 455.749 5425.58 0 1 0.0996946
910 2.73e-08 7.55613e-08 0.100027 2.63339e-06 -6380.61 1744.33 -7499.68 0 1 0.0996947
912 2.736e-08 2.70769e-07 0.100027 2.71823e-06 6758.69 1711.34 -7168.78 0 1 0.0996948
914 2.742e-08 2.17009e-07 0.100027 2.92687e-06 8106.26 414.336 5840.96 0 1 0.0996948
916 2.748e-08 8.07501e-09 0.100027 2.90559e-06 -4688.97 116.168 8831.77 0 1 0.0996949
918 2.754e-08 8.48919e-09 0.100027 2.70182e-06 -9303.47 1337.04 -3414.36 0 1 0.0996949
920 2.76e-08 2.17529e-07 0.100027 2.68137e-06 2313.57 1946.93 -9531.89 0 1 0.099695
922 2.766e-08 2.70488e-07 0.100027 2.89021e-06 9894.18 881.772 1152.28 0 1 0.099695
924 2.772e-08 7.49695e-08 0.100027 2.97429e-06 212.65 -0.0769915 9997.74 0 1 0.0996951
926 2.778e-08 -2.79097e-08 0.100027 2.79721e-06 -9839.88 839.925 1572.02 0 1 0.0996952
928 2.784e-08 1.41341e-07 0.100028 2.67822e-06 -2725.01 1936.25 -9424.72 0 1 0.0996952
930 2.79e-08 2.87434e-07 0.100028 2.83522e-06 9144.12 1376.16 -3806.73 0 1 0.0996953
932 2.796e-08 1.55484e-07 0.100028 3.00459e-06 5059.72 136.834 8624.41 0 1 0.0996953
934 2.802e-08 -2.42986e-08 0.100028 2.90114e-06 -7852.25 380.49 6180.4 0 1 0.0996954
936 2.808e-08 6.17483e-08 0.100028 2.71565e-06 -7064.59 1682.03 -6874.76 0 1 0.0996955
938 2.814e-08 2.63501e-07 0.100028 2.78204e-06 6048.49 1770.69 -7764.04 0 1 0.0996955
940 2.82e-08 2.28966e-07 0.100028 2.99478e-06 8608.92 491.782 5064.06 0 1 0.0996956
942 2.826e-08 1.83963e-08 0.100028 2.99301e-06 -3850.43 76.588 9228.67 0 1 0.0996956
944 2.832e-08 -8.32885e-10 0.100028 2.79011e-06 -9592.02 1249.49 -2536.11 0 1 0.0996957
946 2.838e-08 2.04828e-07 0.100028 2.75038e-06 1401.36 1964.15 -9704.55 0 1 0.0996958
948 2.844e-08 2.76567e-07 0.100028 2.95343e-06 9949.82 973.72 229.954 0 1 0.0996958
950 2.85e-08 8.92231e-08 0.100028 3.0553e-06 1139.07 6.17531 9934.91 0 1 0.0996958
952 2.856e-08 -3.03495e-08 0.100028 2.88856e-06 -9658.99 749.566 2478.32 0 1 0.0996959
954 2.862e-08 1.26464e-07 0.100028 2.75442e-06 -3605.25 1906.92 -9130.49 0 1 0.099696
956 2.868e-08 2.86076e-07 0.100028 2.8972e-06 8738.48 1459.02 -4637.9 0 1 0.099696
958 2.874e-08 1.70014e-07 0.100028 3.07811e-06 5836.39 187.314 8117.97 0 1 0.0996961
960 2.88e-08 -1.92303e-08 0.100028 2.99181e-06 -7248.31 310.508 6882.27 0 1 0.0996961
962 2.886e-08 4.85125e-08 0.100029 2.79917e-06 -7687.06 1613.67 -6189.11 0 1 0.0996962
964 2.892e-08 2.55053e-07 0.100029 2.84658e-06 5285.62 1823.21 -8290.85 0 1 0.0996963
966 2.898e-08 2.40045e-07 0.100029 3.06163e-06 9036.61 573.541 4243.91 0 1 0.0996963
968 2.904e-08 2.96727e-08 0.100029 3.07942e-06 -2978.35 44.9338 9546.07 0 1 0.0996964
970 2.91e-08 -9.03259e-09 0.100029 2.87921e-06 -9797.06 1159.64 -1634.91 0 1 0.0996965
972 2.916e-08 1.91458e-07 0.100029 2.82061e-06 476.925 1972.85 -9791.85 0 1 0.0996965
974 2.922e-08 2.81353e-07 0.100029 3.01614e-06 9918.83 1065.78 -693.536 0 1 0.0996966
976 2.928e-08 1.03815e-07 0.100029 3.13497e-06 2055.59 20.9678 9786.42 0 1 0.0996966
978 2.934e-08 -3.14098e-08 0.100029 2.98008e-06 -9393.98 661.271 3363.9 0 1 0.0996967
980 2.94e-08 1.11602e-07 0.100029 2.832e-06 -4454.11 1869.57 -8755.89 0 1 0.0996968
982 2.946e-08 2.83341e-07 0.100029 2.95938e-06 8256.74 1537.78 -5427.84 0 1 0.0996968
984 2.952e-08 1.84179e-07 0.100029 3.15029e-06 6562.25 244.758 7541.68 0 1 0.0996968
986 2.958e-08 -1.28791e-08 0.100029 3.08194e-06 -6581.24 246.414 7525.06 0 1 0.0996969
988 2.964e-08 3.59694e-08 0.100029 2.88389e-06 -8242.6 1539.86 -5448.7 0 1 0.099697
990 2.97e-08 2.455e-07 0.100029 2.91196e-06 4476.7 1868.45 -8744.6 0 1 0.099697
992 2.976e-08 2.50149e-07 0.100029 3.12749e-06 9385.61 658.901 3387.64 0 1 0.0996971
994 2.982e-08 4.18062e-08 0.100029 3.16474e-06 -2080.32 21.4812 9781.2 0 1 0.0996971
996 2.988e-08 -1.60385e-08 0.10003 2.96902e-06 -9916.77 1068.28 -718.61 0 1 0.0996972
998 2.994e-08 1.77535e-07 0.10003 2.8921e-06 -451.671 1972.98 -9793.03 0 1 0.0996973
