time x y z pitch mu rL Rc gyrophase
0 0.998028 0.0628319 0.0628009 0.722764 3.97763e-31 0.93361 1.00989 6.24962
0.125664 0.983279 0.188584 0.18746 0.602381 2.87487e-31 0.787736 1.09043 6.10174
0.251327 0.955967 0.314854 0.309458 0.495881 1.97258e-31 0.643649 1.25965 5.91838
0.376991 0.918424 0.442389 0.427362 0.410372 1.33877e-31 0.520992 1.53519 5.68718
0.502655 0.873095 0.572107 0.54004 0.350493 9.54009e-32 0.431366 1.94658 5.40492
0.628319 0.822499 0.704954 0.646671 0.317352 7.58073e-32 0.377163 2.5389 5.08781
0.753982 0.769195 0.841778 0.746753 0.307243 6.86793e-32 0.352568 3.37873 4.76914
0.879646 0.715734 0.983218 0.840107 0.312808 6.88608e-32 0.347413 4.56296 4.47741
1.00531 0.664594 1.12962 0.92687 0.326435 7.27534e-32 0.352241 6.23144 4.22154
1.13097 0.618108 1.28101 1.00748 0.342611 7.80703e-32 0.360793 8.58512 3.99653
1.25664 0.578383 1.43704 1.08266 0.358146 8.34819e-32 0.369744 11.9097 3.79344
1.3823 0.547232 1.59706 1.15337 0.371536 8.83016e-32 0.377616 16.608 3.60443
1.50796 0.526113 1.7601 1.22079 0.382295 9.22502e-32 0.383922 23.2377 3.42378
1.63363 0.516078 1.92499 1.28625 0.390496 9.52895e-32 0.388658 32.5582 3.2477
1.75929 0.517756 2.09039 1.35117 0.396481 9.75129e-32 0.392032 45.5762 3.07378
1.88496 0.531335 2.25485 1.41706 0.40068 9.90621e-32 0.394311 63.5843 2.9006
2.01062 0.556571 2.41693 1.48539 0.403521 1.00095e-31 0.39577 88.1868 2.72735
2.13628 0.592807 2.57519 1.55758 0.405369 1.00749e-31 0.396638 121.277 2.55364
2.26195 0.639002 2.72833 1.63497 0.406521 1.01137e-31 0.3971 164.985 2.37932
2.38761 0.693776 2.87516 1.71871 0.407204 1.01348e-31 0.3973 221.536 2.20438
2.51327 0.755459 3.01471 1.80978 0.407579 1.01447e-31 0.397341 293.082 2.02887
2.63894 0.822148 3.14622 1.90894 0.407759 1.01475e-31 0.397286 381.466 1.85289
2.7646 0.891772 3.26917 2.01667 0.40782 1.01463e-31 0.397183 488.004 1.67652
2.89027 0.962161 3.38334 2.13322 0.407813 1.0143e-31 0.397059 613.363 1.49985
3.01593 1.03112 3.48876 2.25855 0.407769 1.01387e-31 0.396932 757.494 1.32294
3.14159 1.09648 3.58573 2.39233 0.407709 1.01343e-31 0.396812 919.766 1.14585
3.26726 1.15619 3.67485 2.53398 0.407643 1.01299e-31 0.396702 1099.36 0.968633
3.39292 1.20839 3.75692 2.68268 0.407578 1.01258e-31 0.396603 1295.59 0.791312
3.51858 1.25144 3.83301 2.83737 0.407517 1.01222e-31 0.396517 1508.66 0.613914
3.64425 1.28398 3.90434 2.99683 0.407462 1.01189e-31 0.39644 1740.1 0.436464
3.76991 1.305 3.97231 3.15965 0.407412 1.01161e-31 0.396375 1993.59 0.25897
3.89557 1.31382 4.03839 3.32436 0.407371 1.01138e-31 0.396321 2275.37 0.0814451
4.02124 1.31019 4.10415 3.48939 0.407331 1.01115e-31 0.396268 2595.29 6.18708
4.1469 1.2942 4.17115 3.65319 0.407297 1.01095e-31 0.396222 2967.54 6.00951
4.27257 1.26637 4.2409 3.81423 0.407269 1.01079e-31 0.396185 3411.88 5.83192
4.39823 1.22757 4.31484 3.97107 0.407246 1.01066e-31 0.396153 3955.76 5.65433
4.52389 1.17903 4.39428 4.12241 0.407226 1.01054e-31 0.396124 4637.05 5.47671
4.64956 1.12226 4.48035 4.26713 0.407213 1.01045e-31 0.396102 5508.23 5.2991
4.77522 1.05905 4.57397 4.40429 0.407203 1.01039e-31 0.396086 6642.61 5.12148
4.90088 0.991394 4.67583 4.53321 0.407198 1.01033e-31 0.396071 8143.7 4.94385
5.02655 0.921421 4.78635 4.65347 0.407196 1.01031e-31 0.396064 10158.4 4.76623
5.15221 0.85133 4.90569 4.76491 0.407197 1.0103e-31 0.396059 12897 4.58861
5.27788 0.783327 5.03372 4.86765 0.407201 1.0103e-31 0.396056 16661 4.41099
5.40354 0.71955 5.17005 4.9621 0.407205 1.01031e-31 0.396056 21883.6 4.23338
5.5292 0.662006 5.31401 5.04891 0.407209 1.01033e-31 0.396057 29185.4 4.05577
5.65487 0.612507 5.46471 5.12898 0.407214 1.01035e-31 0.396061 39451.5 3.87816
5.78053 0.572608 5.62104 5.20343 0.407217 1.01035e-31 0.396061 53932.8 3.70056
5.90619 0.543566 5.78171 5.27353 0.407219 1.01036e-31 0.39606 74372.1 3.52296
6.03186 0.526294 5.9453 5.34072 0.407222 1.01037e-31 0.396062 103158 3.34536
6.15752 0.521336 6.11029 5.40651 0.407224 1.01037e-31 0.396063 143487 3.16777
6.28319 0.528847 6.27511 5.47246 0.407227 1.0104e-31 0.396067 199515 2.99017
6.40885 0.548592 6.43822 5.54012 0.407227 1.01038e-31 0.396065 276472 2.81257
6.53451 0.579949 6.59811 5.61101 0.407228 1.0104e-31 0.396067 380653 2.63497
6.66018 0.621932 6.75339 5.68651 0.407229 1.0104e-31 0.396066 519283 2.45738
6.78584 0.67322 6.90279 5.76788 0.407229 1.0104e-31 0.396068 700119 2.27978
6.9115 0.7322 7.04525 5.85619 0.407229 1.0104e-31 0.396067 930918 2.10218
7.03717 0.797017 7.17992 5.9523 0.407229 1.0104e-31 0.396067 1.21867e+06 1.92458
7.16283 0.865631 7.30618 6.05681 0.407229 1.0104e-31 0.396066 1.56874e+06 1.74698
7.28849 0.935883 7.42371 6.17006 0.407229 1.0104e-31 0.396067 1.98443e+06 1.56939
7.41416 1.00556 7.53242 6.29212 0.407229 1.0104e-31 0.396066 2.46639e+06 1.39179
7.53982 1.07248 7.63254 6.42278 0.407229 1.0104e-31 0.396067 3.01317e+06 1.21419
7.66549 1.13453 7.72453 6.56156 0.407229 1.0104e-31 0.396066 3.62178e+06 1.03659
7.79115 1.18976 7.80914 6.70772 0.407229 1.01039e-31 0.396066 4.2896e+06 0.858994
7.91681 1.23644 7.88734 6.8603 0.407228 1.01039e-31 0.396065 5.01584e+06 0.681398
8.04248 1.27308 7.96029 7.01812 0.407229 1.0104e-31 0.396067 5.8037e+06 0.503795
8.16814 1.29855 8.02933 7.17985 0.407228 1.01039e-31 0.396065 6.66311e+06 0.326198
8.2938 1.31204 8.09592 7.34404 0.407228 1.01039e-31 0.396064 7.61209e+06 0.1486
8.41947 1.31312 8.16159 7.50914 0.407229 1.01039e-31 0.396066 8.6808e+06 6.25419
8.54513 1.30176 8.22791 7.6736 0.40723 1.01041e-31 0.396069 9.91218e+06 6.07659
8.6708 1.27833 8.29642 7.83587 0.407228 1.01038e-31 0.396064 1.13673e+07 5.89899
8.79646 1.24355 8.36859 7.99447 0.407228 1.01039e-31 0.396065 1.31329e+07 5.72139
8.92212 1.19852 8.44579 8.14804 0.407229 1.0104e-31 0.396068 1.53249e+07 5.54379
9.04779 1.14465 8.52921 8.29539 0.407229 1.01039e-31 0.396066 1.81077e+07 5.36619
9.17345 1.08365 8.61987 8.43551 0.407229 1.01039e-31 0.396066 2.17067e+07 5.18859
9.29911 1.01743 8.71853 8.56762 0.407228 1.01039e-31 0.396066 2.64432e+07 5.011
9.42478 0.948071 8.82573 8.6912 0.407229 1.01039e-31 0.396066 3.27654e+07 4.8334
9.55044 0.877759 8.94172 8.80598 0.407229 1.0104e-31 0.396067 4.13222e+07 4.6558
9.67611 0.808703 9.06649 8.91198 0.407229 1.0104e-31 0.396067 5.30303e+07 4.4782
9.80177 0.743078 9.19974 9.00951 0.407229 1.0104e-31 0.396067 6.92196e+07 4.3006
9.92743 0.682947 9.3409 9.09912 0.407229 1.0104e-31 0.396068 9.18165e+07 4.123
10.0531 0.630202 9.48917 9.18163 0.407229 1.0104e-31 0.396067 1.23513e+08 3.9454
10.1788 0.586502 9.64351 9.25806 0.40723 1.01041e-31 0.396068 1.68202e+08 3.7678
10.3044 0.553222 9.8027 9.32965 0.407229 1.0104e-31 0.396068 2.3125e+08 3.59021
10.4301 0.531408 9.96536 9.39777 0.407229 1.01039e-31 0.396066 3.19972e+08 3.41261
10.5558 0.521748 10.13 9.4639 0.407228 1.01039e-31 0.396065 4.448e+08 3.23501
10.6814 0.524544 10.2951 9.52961 0.40723 1.01041e-31 0.396068 6.19051e+08 3.05741
10.8071 0.53971 10.459 9.59644 0.407228 1.01038e-31 0.396064 8.59873e+08 2.87981
10.9327 0.566767 10.6203 9.66594 0.407229 1.0104e-31 0.396067 1.18513e+09 2.70222
11.0584 0.604865 10.7775 9.73953 0.407229 1.0104e-31 0.396068 1.62285e+09 2.52462
11.1841 0.652806 10.9292 9.81854 0.407229 1.01039e-31 0.396066 2.19688e+09 2.34702
11.3097 0.70908 11.0744 9.90412 0.407229 1.0104e-31 0.396067 2.92907e+09 2.16942
11.4354 0.771918 11.2121 9.99719 0.407229 1.01039e-31 0.396066 3.91617e+09 1.99182
11.5611 0.839343 11.3416 10.0985 0.407229 1.0104e-31 0.396067 5.004e+09 1.81423
11.6867 0.909234 11.4625 10.2084 0.407229 1.01039e-31 0.396066 6.31987e+09 1.63662
11.8124 0.979392 11.5745 10.3271 0.407229 1.01039e-31 0.396066 8.00442e+09 1.45903
11.9381 1.04761 11.6779 10.4546 0.407229 1.0104e-31 0.396067 9.73396e+09 1.28143
12.0637 1.11174 11.7729 10.5903 0.407229 1.01039e-31 0.396066 1.1983e+10 1.10383
12.1894 1.16977 11.8602 10.7338 0.407229 1.0104e-31 0.396067 1.44e+10 0.92623
12.315 1.21987 11.9407 10.8841 0.407229 1.0104e-31 0.396067 1.63095e+10 0.74863
12.4407 1.26047 12.0154 11.0401 0.407229 1.0104e-31 0.396067 1.98936e+10 0.571033
12.5664 1.29028 12.0858 11.2005 0.407229 1.0104e-31 0.396067 2.11568e+10 0.393433
12.692 1.30837 12.1531 11.3639 0.407229 1.0104e-31 0.396067 2.57349e+10 0.215835
12.8177 1.31418 12.219 11.5289 0.407229 1.0104e-31 0.396067 3.0024e+10 0.0382373
12.9434 1.30751 12.2849 11.6937 0.40723 1.0104e-31 0.396067 3.26189e+10 6.14382
13.069 1.28858 12.3524 11.857 0.407229 1.0104e-31 0.396066 3.97872e+10 5.96623
13.1947 1.25799 12.423 12.0172 0.407229 1.01039e-31 0.396066 4.5036e+10 5.78863
13.3204 1.21669 12.4981 12.1728 0.407229 1.0104e-31 0.396068 5.09524e+10 5.61103
13.446 1.16598 12.5791 12.3226 0.407228 1.01039e-31 0.396065 5.69665e+10 5.43343
13.5717 1.10747 12.6669 12.4656 0.407229 1.01039e-31 0.396066 7.06583e+10 5.25583
13.6973 1.04298 12.7624 12.6008 0.407229 1.0104e-31 0.396067 9.0072e+10 5.07823
13.823 0.974561 12.8664 12.7277 0.407229 1.01039e-31 0.396066 9.0072e+10 4.90063
13.9487 0.90435 12.979 12.8458 0.407229 1.0104e-31 0.396067 1.13933e+11 4.72304
14.0743 0.834559 13.1005 12.9551 0.407229 1.01039e-31 0.396066 1.80144e+11 4.54544
14.2 0.767385 13.2306 13.0558 0.407229 1.0104e-31 0.396066 2.54762e+11 4.36784
14.3257 0.704941 13.3688 13.1483 0.407229 1.0104e-31 0.396067 2.54762e+11 4.19024
14.4513 0.649191 13.5145 13.2334 0.407229 1.0104e-31 0.396067 2.54762e+11 4.01264
14.577 0.601888 13.6667 13.312 0.407228 1.01039e-31 0.396064 1.80144e+11 3.83505
14.7027 0.564521 13.8242 13.3853 0.407229 1.0104e-31 0.396066 2.54762e+11 3.65744
14.8283 0.538266 13.9857 13.4545 0.40723 1.01041e-31 0.396069 2.54762e+11 3.47984
14.954 0.523948 14.1498 13.5212 0.407229 1.0104e-31 0.396067 2.54762e+11 3.30225
15.0796 0.522017 14.3149 13.5869 0.407229 1.01039e-31 0.396066 inf 3.12465
15.2053 0.532535 14.4794 13.6531 0.407229 1.0104e-31 0.396068 inf 2.94705
15.331 0.555171 14.6419 13.7215 0.407229 1.0104e-31 0.396067 inf 2.76945
15.4566 0.589212 14.8008 13.7933 0.407228 1.01039e-31 0.396065 inf 2.59185
15.5823 0.633588 14.9547 13.8702 0.407229 1.01039e-31 0.396065 inf 2.41425
15.708 0.686902 15.1025 13.9531 0.407229 1.0104e-31 0.396067 inf 2.23666
15.8336 0.747478 15.2432 14.0433 0.407229 1.01039e-31 0.396066 inf 2.05905
15.9593 0.813409 15.3758 14.1414 0.407229 1.0104e-31 0.396067 inf 1.88147
16.085 0.882623 15.5 14.248 0.407229 1.0104e-31 0.396066 inf 1.70386
16.2106 0.95294 15.6154 14.3634 0.407229 1.0104e-31 0.396066 inf 1.52626
16.3363 1.02215 15.722 14.4875 0.407229 1.0104e-31 0.396066 inf 1.34866
16.4619 1.08808 15.8201 14.6202 0.407229 1.0104e-31 0.396067 inf 1.17107
16.5876 1.14864 15.9102 14.7609 0.407229 1.0104e-31 0.396066 inf 0.993468
16.7133 1.20194 15.9931 14.9087 0.407229 1.01039e-31 0.396066 inf 0.815869
16.8389 1.2463 16.07 15.0627 0.407228 1.01039e-31 0.396065 inf 0.638273
16.9646 1.28033 16.1418 15.2216 0.407229 1.0104e-31 0.396066 inf 0.460671
17.0903 1.30295 16.2101 15.384 0.40723 1.01041e-31 0.396069 inf 0.28307
17.2159 1.31345 16.2764 15.5486 0.407229 1.0104e-31 0.396068 inf 0.105474
17.3416 1.3115 16.342 15.7137 0.407229 1.0104e-31 0.396067 inf 6.21106
17.4673 1.29716 16.4088 15.8777 0.407228 1.01039e-31 0.396065 inf 6.03346
17.5929 1.27089 16.478 16.0392 0.407228 1.01039e-31 0.396065 inf 5.85586
17.7186 1.2335 16.5513 16.1967 0.40723 1.01041e-31 0.396068 inf 5.67827
17.8442 1.18619 16.6299 16.3489 0.407229 1.0104e-31 0.396067 inf 5.50067
17.9699 1.13043 16.715 16.4946 0.407229 1.0104e-31 0.396067 inf 5.32307
18.0956 1.06797 16.8075 16.6328 0.407229 1.0104e-31 0.396066 inf 5.14547
18.2212 1.00079 16.9082 16.7629 0.407229 1.0104e-31 0.396066 inf 4.96787
18.3469 0.931001 17.0176 16.8844 0.407229 1.01039e-31 0.396066 inf 4.79027
18.4726 0.860791 17.1357 16.997 0.407229 1.0104e-31 0.396066 inf 4.61267
18.5982 0.792372 17.2626 17.1009 0.407229 1.01039e-31 0.396066 inf 4.43508
18.7239 0.727897 17.3978 17.1964 0.407229 1.0104e-31 0.396067 inf 4.25747
18.8496 0.669393 17.5408 17.2842 0.407228 1.01039e-31 0.396065 inf 4.07988
18.9752 0.618702 17.6906 17.3652 0.407229 1.0104e-31 0.396067 inf 3.90228
19.1009 0.577417 17.8462 17.4403 0.407228 1.01039e-31 0.396064 inf 3.72468
19.2265 0.546838 18.0064 17.5109 0.407229 1.01039e-31 0.396066 inf 3.54708
19.3522 0.527927 18.1697 17.5784 0.407229 1.0104e-31 0.396067 inf 3.36948
19.4779 0.521278 18.3346 17.6443 0.40723 1.0104e-31 0.396068 inf 3.19189
19.6035 0.527101 18.4995 17.7101 0.407228 1.01039e-31 0.396065 inf 3.01429
19.7292 0.545213 18.6629 17.7775 0.407229 1.01039e-31 0.396066 inf 2.83669
19.8549 0.575043 18.8234 17.8478 0.407228 1.01039e-31 0.396065 inf 2.65909
19.9805 0.615654 18.9793 17.9226 0.407229 1.0104e-31 0.396068 inf 2.48149
20.1062 0.665767 19.1296 18.0031 0.407229 1.0104e-31 0.396067 inf 2.30389
20.2319 0.723807 19.2731 18.0905 0.407228 1.01039e-31 0.396065 inf 2.12629
20.3575 0.787947 19.4088 18.1855 0.407229 1.0104e-31 0.396067 inf 1.9487
20.4832 0.85617 19.5363 18.2888 0.407229 1.0104e-31 0.396067 inf 1.7711
20.6088 0.92633 19.655 18.4009 0.407229 1.0104e-31 0.396066 inf 1.5935
20.7345 0.996218 19.7649 18.5217 0.407229 1.01039e-31 0.396066 inf 1.4159
20.8602 1.06364 19.8661 18.6513 0.407229 1.0104e-31 0.396067 inf 1.2383
20.9858 1.12647 19.9592 18.789 0.407229 1.01039e-31 0.396065 inf 1.06071
21.1115 1.18273 20.0448 18.9342 0.407229 1.0104e-31 0.396067 inf 0.883102
21.2372 1.23066 20.1238 19.086 0.407229 1.01039e-31 0.396066 inf 0.705506
21.3628 1.26874 20.1974 19.2431 0.407229 1.0104e-31 0.396067 inf 0.527907
21.4885 1.29578 20.2668 19.4044 0.407228 1.01039e-31 0.396065 inf 0.350312
21.6142 1.31093 20.3337 19.5684 0.40723 1.01041e-31 0.396068 inf 0.17271
21.7398 1.3137 20.3994 19.7334 0.407228 1.01039e-31 0.396065 inf 6.2783
21.8655 1.30403 20.4655 19.8981 0.407228 1.01039e-31 0.396065 inf 6.1007
21.9911 1.28219 20.5336 20.0607 0.40723 1.0104e-31 0.396068 inf 5.9231
22.1168 1.2489 20.6052 20.2199 0.407229 1.01039e-31 0.396065 inf 5.7455
22.2425 1.20518 20.6817 20.3742 0.407229 1.0104e-31 0.396068 inf 5.56791
22.3681 1.15242 20.7642 20.5225 0.407229 1.01039e-31 0.396065 inf 5.3903
22.4938 1.09228 20.8538 20.6636 0.407229 1.0104e-31 0.396067 inf 5.21271
22.6195 1.02665 20.9513 20.7969 0.407229 1.01039e-31 0.396066 inf 5.0351
22.7451 0.957593 21.0574 20.9216 0.407229 1.0104e-31 0.396067 inf 4.85751
22.8708 0.88728 21.1722 21.0376 0.407229 1.0104e-31 0.396066 inf 4.67991
22.9965 0.817925 21.2958 21.1448 0.407228 1.0104e-31 0.396067 inf 4.50231
23.1221 0.75171 21.4279 21.2435 0.407229 1.0104e-31 0.396066 inf 4.32471
23.2478 0.690718 21.568 21.3341 0.407229 1.01039e-31 0.396065 inf 4.14712
23.3734 0.636866 21.7154 21.4175 0.407228 1.01039e-31 0.396065 inf 3.96952
23.4991 0.591851 21.8689 21.4947 0.40723 1.01041e-31 0.396068 inf 3.79192
23.6248 0.557087 22.0276 21.5669 0.407229 1.01039e-31 0.396066 inf 3.61432
23.7504 0.533668 22.1898 21.6354 0.407228 1.01038e-31 0.396064 inf 3.43672
23.8761 0.522331 22.3543 21.7017 0.40723 1.01041e-31 0.396068 inf 3.25912
24.0018 0.523433 22.5194 21.7674 0.407228 1.01039e-31 0.396064 inf 3.08152
24.1274 0.536939 22.6836 21.834 0.407228 1.01038e-31 0.396064 inf 2.90392
24.2531 0.562423 22.8453 21.903 0.407229 1.0104e-31 0.396068 inf 2.72633
24.3788 0.599085 23.0031 21.976 0.407229 1.0104e-31 0.396067 inf 2.54873
24.5044 0.645771 23.1557 22.0542 0.407228 1.01039e-31 0.396065 inf 2.37113
24.6301 0.701013 23.3018 22.1388 0.407229 1.01039e-31 0.396066 inf 2.19353
24.7558 0.763072 23.4406 22.2308 0.407229 1.01039e-31 0.396066 inf 2.01593
24.8814 0.829996 23.5713 22.3309 0.407229 1.0104e-31 0.396067 inf 1.83834
25.0071 0.89968 23.6933 22.4396 0.407229 1.01039e-31 0.396066 inf 1.66074
25.1327 0.969932 23.8065 22.5572 0.407229 1.0104e-31 0.396066 inf 1.48314
25.2584 1.03854 23.911 22.6835 0.407229 1.01039e-31 0.396066 inf 1.30554
25.3841 1.10335 24.0071 22.8181 0.407229 1.01039e-31 0.396065 inf 1.12795
25.5097 1.16232 24.0954 22.9606 0.407229 1.0104e-31 0.396067 inf 0.950339
25.6354 1.2136 24.1768 23.11 0.407228 1.01039e-31 0.396065 inf 0.772748
25.7611 1.25556 24.2523 23.2653 0.407229 1.01039e-31 0.396066 inf 0.595146
25.8867 1.2869 24.3232 23.4252 0.407229 1.01039e-31 0.396066 inf 0.417547
26.0124 1.30663 24.3908 23.5883 0.407228 1.01039e-31 0.396066 inf 0.239948
26.1381 1.31412 24.4568 23.7531 0.407229 1.0104e-31 0.396067 inf 0.0623495
26.2637 1.30914 24.5226 23.9181 0.407229 1.01039e-31 0.396066 inf 6.16794
26.3894 1.29185 24.5898 24.0817 0.40723 1.01041e-31 0.396068 inf 5.99034
26.515 1.26279 24.6599 24.2424 0.407228 1.01039e-31 0.396065 inf 5.81274
26.6407 1.22288 24.7343 24.3987 0.407228 1.01039e-31 0.396066 inf 5.63514
26.7664 1.17336 24.8144 24.5494 0.407229 1.0104e-31 0.396067 inf 5.45754
26.892 1.1158 24.9012 24.6933 0.407229 1.0104e-31 0.396067 inf 5.27995
27.0177 1.05202 24.9957 24.8297 0.407229 1.0104e-31 0.396067 inf 5.10235
27.1434 0.984004 25.0984 24.9577 0.407229 1.0104e-31 0.396066 inf 4.92475
27.269 0.913907 25.2099 25.077 0.407229 1.0104e-31 0.396066 inf 4.74715
27.3947 0.843929 25.3302 25.1875 0.407229 1.0104e-31 0.396066 inf 4.56955
27.5204 0.776274 25.4591 25.2893 0.407229 1.0104e-31 0.396067 inf 4.39195
27.646 0.713068 25.5963 25.3829 0.407229 1.01039e-31 0.396065 inf 4.21436
27.7717 0.656301 25.741 25.469 0.407229 1.0104e-31 0.396067 inf 4.03675
27.8973 0.607757 25.8924 25.5484 0.407229 1.01039e-31 0.396066 inf 3.85916
28.023 0.568965 26.0492 25.6223 0.407229 1.0104e-31 0.396067 inf 3.68156
28.1487 0.541145 26.2103 25.692 0.407229 1.0104e-31 0.396067 inf 3.50396
28.2743 0.525171 26.3741 25.759 0.40723 1.0104e-31 0.396068 inf 3.32636
28.4 0.521546 26.5391 25.8247 0.407229 1.0104e-31 0.396067 inf 3.14876
28.5257 0.530385 26.7039 25.8908 0.407229 1.0104e-31 0.396066 inf 2.97116
28.6513 0.551409 26.8667 25.9587 0.407228 1.01039e-31 0.396065 inf 2.79356
28.777 0.583957 27.0262 26.03 0.407228 1.01039e-31 0.396065 inf 2.61596
28.9027 0.627004 27.1809 26.1061 0.40723 1.01041e-31 0.396068 inf 2.43837
29.0283 0.679198 27.3296 26.1882 0.407229 1.01039e-31 0.396065 inf 2.26076
29.154 0.738895 27.4712 26.2773 0.407229 1.01039e-31 0.396066 inf 2.08317
29.2796 0.804218 27.605 26.3743 0.407229 1.0104e-31 0.396066 inf 1.90557
29.4053 0.873112 27.7304 26.4797 0.407229 1.0104e-31 0.396066 inf 1.72797
29.531 0.943409 27.8469 26.5939 0.407229 1.0104e-31 0.396067 inf 1.55037
29.6566 1.0129 27.9547 26.7169 0.407229 1.01039e-31 0.396066 inf 1.37278
29.7823 1.07939 28.0539 26.8484 0.407229 1.0104e-31 0.396067 inf 1.19518
29.908 1.1408 28.1451 26.988 0.407229 1.0104e-31 0.396068 inf 1.01758
30.0336 1.1952 28.229 27.1349 0.407229 1.0104e-31 0.396067 inf 0.839978
30.1593 1.24086 28.3066 27.2881 0.407229 1.01039e-31 0.396066 inf 0.662384
30.285 1.27636 28.379 27.4464 0.407229 1.01039e-31 0.396066 inf 0.484785
30.4106 1.30058 28.4477 27.6085 0.407229 1.0104e-31 0.396067 inf 0.307184
30.5363 1.31275 28.5141 27.7729 0.40723 1.0104e-31 0.396068 inf 0.129586
30.6619 1.31249 28.5798 27.938 0.407228 1.01039e-31 0.396065 inf 6.23517
30.7876 1.29982 28.6463 28.1023 0.407228 1.01039e-31 0.396066 inf 6.05757
30.9133 1.27513 28.7151 28.2642 0.40723 1.01041e-31 0.396068 inf 5.87998
31.0389 1.23919 28.7878 28.4223 0.407229 1.01039e-31 0.396066 inf 5.70238
31.1646 1.19314 28.8656 28.5753 0.407229 1.0104e-31 0.396067 inf 5.52478
31.2903 1.13843 28.9497 28.7219 0.407229 1.01039e-31 0.396065 inf 5.34718
31.4159 1.07678 29.0412 28.8612 0.407229 1.0104e-31 0.396067 inf 5.16958
31.5416 1.01012 29.1408 28.9924 0.407229 1.01039e-31 0.396066 inf 4.99198
31.6673 0.940551 29.2489 29.1151 0.407229 1.01039e-31 0.396066 inf 4.81438
31.7929 0.870267 29.3658 29.2289 0.407229 1.01039e-31 0.396066 inf 4.63679
31.9186 0.801477 29.4915 29.334 0.407228 1.0104e-31 0.396066 inf 4.45919
32.0442 0.736343 29.6257 29.4306 0.407229 1.0104e-31 0.396067 inf 4.28159
32.1699 0.676916 29.7676 29.5195 0.407229 1.01039e-31 0.396065 inf 4.104
32.2956 0.625065 29.9166 29.6013 0.407229 1.01039e-31 0.396066 inf 3.92639
32.4212 0.58242 30.0715 29.6771 0.407229 1.0104e-31 0.396066 inf 3.74879
32.5469 0.550323 30.2311 29.7483 0.407229 1.0104e-31 0.396067 inf 3.57119
32.6726 0.529784 30.3941 29.8161 0.407229 1.0104e-31 0.396067 inf 3.3936
32.7982 0.52145 30.5588 29.8821 0.407229 1.01039e-31 0.396065 inf 3.216
32.9239 0.525582 30.7239 29.9479 0.407228 1.01039e-31 0.396065 inf 3.0384
33.0496 0.54205 30.8876 30.0149 0.40723 1.0104e-31 0.396068 inf 2.8608
33.1752 0.570336 31.0485 30.0848 0.407229 1.01039e-31 0.396066 inf 2.6832
33.3009 0.609551 31.2052 30.1589 0.407229 1.01039e-31 0.396066 inf 2.5056
33.4265 0.658461 31.3563 30.2385 0.407229 1.0104e-31 0.396067 inf 2.32801
33.5522 0.715526 31.5007 30.3249 0.407229 1.0104e-31 0.396067 inf 2.15041
33.6779 0.778953 31.6376 30.4188 0.407229 1.01039e-31 0.396066 inf 1.97281
33.8035 0.846745 31.7662 30.521 0.407229 1.0104e-31 0.396066 inf 1.79521
33.9292 0.916771 31.8861 30.6318 0.407229 1.0104e-31 0.396067 inf 1.61761
34.0549 0.986826 31.9972 30.7515 0.407229 1.0104e-31 0.396066 inf 1.44001
34.1805 1.05471 32.0996 30.8799 0.407229 1.01039e-31 0.396065 inf 1.26242
34.3062 1.11828 32.1937 31.0165 0.407229 1.01039e-31 0.396065 inf 1.08482
34.4319 1.17554 32.2803 31.1608 0.407229 1.01039e-31 0.396065 inf 0.907223
34.5575 1.2247 32.3601 31.3117 0.407229 1.01039e-31 0.396066 inf 0.729621
34.6832 1.26419 32.4343 31.4682 0.407229 1.0104e-31 0.396066 inf 0.55202
34.8088 1.29279 32.5043 31.629 0.407229 1.0104e-31 0.396067 inf 0.374421
34.9345 1.30959 32.5714 31.7927 0.407228 1.01039e-31 0.396066 inf 0.196824
35.0602 1.31406 32.6372 31.9577 0.40723 1.01041e-31 0.396069 inf 0.0192251
35.1858 1.30606 32.7032 32.1225 0.407229 1.01039e-31 0.396066 inf 6.12481
35.3115 1.28585 32.7709 32.2855 0.407228 1.01038e-31 0.396064 inf 5.94721
35.4372 1.25406 32.842 32.4453 0.407228 1.01039e-31 0.396065 inf 5.76961
35.5628 1.21168 32.9177 32.6003 0.407229 1.01039e-31 0.396066 inf 5.59202
35.6885 1.16006 32.9993 32.7495 0.407229 1.0104e-31 0.396067 inf 5.41442
35.8142 1.10081 33.0879 32.8916 0.407229 1.01039e-31 0.396066 inf 5.23682
35.9398 1.03581 33.1843 33.026 0.407229 1.0104e-31 0.396066 inf 5.05922
36.0655 0.967091 33.2892 33.1519 0.407229 1.0104e-31 0.396067 inf 4.88162
36.1911 0.896819 33.4028 33.2691 0.407229 1.0104e-31 0.396066 inf 4.70402
36.3168 0.827205 33.5252 33.3775 0.407229 1.0104e-31 0.396066 inf 4.52643
36.4425 0.760438 33.6562 33.4773 0.407229 1.0104e-31 0.396068 inf 4.34882
36.5681 0.69862 33.7952 33.5689 0.407229 1.0104e-31 0.396067 inf 4.17123
36.6938 0.643694 33.9417 33.6533 0.407229 1.01039e-31 0.396066 inf 3.99363
36.8195 0.597389 34.0945 33.7313 0.407228 1.01039e-31 0.396065 inf 3.81603
36.9451 0.561162 34.2525 33.804 0.407228 1.01039e-31 0.396066 inf 3.63843
37.0708 0.536151 34.4143 33.8729 0.40723 1.0104e-31 0.396068 inf 3.46083
37.1965 0.523145 34.5786 33.9395 0.407228 1.01039e-31 0.396065 inf 3.28324
37.3221 0.522551 34.7437 34.0051 0.407228 1.01039e-31 0.396065 inf 3.10564
37.4478 0.534389 34.9081 34.0715 0.407228 1.01039e-31 0.396066 inf 2.92804
37.5734 0.558286 35.0702 34.1401 0.407228 1.01039e-31 0.396065 inf 2.75044
37.6991 0.593491 35.2287 34.2125 0.407229 1.0104e-31 0.396067 inf 2.57284
37.8248 0.638895 35.382 34.2899 0.407229 1.01039e-31 0.396066 inf 2.39524
37.9504 0.693072 35.5291 34.3736 0.407229 1.0104e-31 0.396066 inf 2.21764
38.0761 0.754315 35.6689 34.4645 0.407229 1.0104e-31 0.396067 inf 2.04005
38.2018 0.8207 35.8007 34.5635 0.407229 1.01039e-31 0.396066 inf 1.86244
38.3274 0.890137 35.924 34.6711 0.407229 1.01039e-31 0.396066 inf 1.68485
38.4531 0.960441 36.0384 34.7874 0.407229 1.0104e-31 0.396066 inf 1.50725
38.5788 1.0294 36.1441 34.9125 0.407228 1.0104e-31 0.396066 inf 1.32965
38.7044 1.09485 36.2413 35.0461 0.407229 1.0104e-31 0.396067 inf 1.15205
38.8301 1.15473 36.3306 35.1875 0.407229 1.0104e-31 0.396066 inf 0.974455
38.9557 1.20715 36.4128 35.3361 0.407229 1.0104e-31 0.396068 inf 0.796852
39.0814 1.25046 36.489 35.4906 0.407228 1.01039e-31 0.396065 inf 0.619259
39.2071 1.28331 36.5605 35.65 0.407228 1.01039e-31 0.396065 inf 0.441662
39.3327 1.30466 36.6285 35.8127 0.407229 1.0104e-31 0.396066 inf 0.26406
39.4584 1.31383 36.6946 35.9774 0.407229 1.0104e-31 0.396067 inf 0.0864619
39.5841 1.31055 36.7603 36.1425 0.407228 1.01038e-31 0.396064 inf 6.19205
39.7097 1.29491 36.8272 36.3063 0.407228 1.01039e-31 0.396065 inf 6.01445
39.8354 1.2674 36.8968 36.4675 0.407229 1.0104e-31 0.396067 inf 5.83685
39.9611 1.22889 36.9706 36.6245 0.407228 1.01039e-31 0.396065 inf 5.65925
40.0867 1.18059 37.0499 36.776 0.407229 1.0104e-31 0.396067 inf 5.48166
40.2124 1.12403 37.1357 36.9209 0.407229 1.0104e-31 0.396067 inf 5.30406
40.338 1.06097 37.2291 37.0583 0.407229 1.01039e-31 0.396065 inf 5.12645
40.4637 0.993409 37.3307 37.1875 0.407229 1.0104e-31 0.396067 inf 4.94886
40.5894 0.923466 37.441 37.308 0.407229 1.0104e-31 0.396066 inf 4.77126
40.715 0.853342 37.56 37.4197 0.407229 1.01039e-31 0.396066 inf 4.59366
40.8407 0.785244 37.6878 37.5227 0.407228 1.0104e-31 0.396067 inf 4.41606
40.9664 0.721314 37.8239 37.6174 0.407229 1.0104e-31 0.396066 inf 4.23846
41.092 0.663563 37.9677 37.7044 0.407229 1.0104e-31 0.396068 inf 4.06086
41.2177 0.613807 38.1182 37.7846 0.407229 1.0104e-31 0.396068 inf 3.88326
41.3434 0.573612 38.2744 37.8592 0.407229 1.0104e-31 0.396066 inf 3.70567
41.469 0.544242 38.4349 37.9294 0.40723 1.01041e-31 0.396068 inf 3.52807
41.5947 0.526622 38.5985 37.9967 0.407229 1.0104e-31 0.396066 inf 3.35047
41.7204 0.521306 38.7634 38.0625 0.407228 1.01039e-31 0.396064 inf 3.17287
41.846 0.52846 38.9283 38.1284 0.40723 1.0104e-31 0.396068 inf 2.99528
41.9717 0.54786 39.0915 38.196 0.407229 1.01039e-31 0.396066 inf 2.81768
42.0973 0.578895 39.2515 38.2668 0.407228 1.01038e-31 0.396064 inf 2.64008
42.223 0.62059 39.4069 38.3421 0.407228 1.01039e-31 0.396065 inf 2.46248
42.3487 0.671632 39.5565 38.4233 0.407229 1.0104e-31 0.396067 inf 2.28489
42.4743 0.730416 39.6991 38.5114 0.407229 1.0104e-31 0.396067 inf 2.10728
42.6 0.795093 39.834 38.6073 0.407229 1.01039e-31 0.396066 inf 1.92968
42.7257 0.863627 39.9606 38.7116 0.407229 1.0104e-31 0.396066 inf 1.75209
42.8513 0.933863 40.0783 38.8246 0.407229 1.0104e-31 0.396067 inf 1.57449
42.977 1.00359 40.1873 38.9464 0.407229 1.0104e-31 0.396067 inf 1.39689
43.1027 1.07062 40.2877 39.0768 0.407229 1.01039e-31 0.396066 inf 1.21929
43.2283 1.13284 40.3799 39.2153 0.407229 1.0104e-31 0.396066 inf 1.04169
43.354 1.18829 40.4647 39.3613 0.407229 1.0104e-31 0.396067 inf 0.864093
43.4796 1.23523 40.5431 39.5137 0.407229 1.0104e-31 0.396067 inf 0.686493
43.6053 1.27218 40.6161 39.6714 0.407229 1.0104e-31 0.396066 inf 0.508896
43.731 1.29798 40.6853 39.833 0.407229 1.01039e-31 0.396066 inf 0.331297
43.8566 1.31182 40.7519 39.9972 0.407229 1.0104e-31 0.396067 inf 0.153699
43.9823 1.31326 40.8176 40.1623 0.40723 1.01041e-31 0.396069 inf 6.25929
44.108 1.30226 40.8839 40.3268 0.407227 1.01038e-31 0.396064 inf 6.08169
44.2336 1.27916 40.9523 40.4891 0.407229 1.0104e-31 0.396067 inf 5.90409
44.3593 1.24469 41.0243 40.6479 0.407228 1.01039e-31 0.396064 inf 5.72649
44.485 1.19994 41.1014 40.8016 0.407228 1.01039e-31 0.396065 inf 5.54889
44.6106 1.14631 41.1846 40.9491 0.407228 1.01039e-31 0.396065 inf 5.37129
44.7363 1.08548 41.275 41.0895 0.407229 1.0104e-31 0.396068 inf 5.1937
44.8619 1.01938 41.3735 41.2218 0.407229 1.0104e-31 0.396066 inf 5.0161
44.9876 0.950087 41.4804 41.3457 0.407229 1.01039e-31 0.396066 inf 4.8385
45.1133 0.879771 41.5962 41.4607 0.407229 1.0104e-31 0.396066 inf 4.6609
45.2389 0.810649 41.7207 41.5669 0.407229 1.01039e-31 0.396065 inf 4.48331
45.3646 0.744896 41.8537 41.6647 0.407229 1.01039e-31 0.396066 inf 4.30571
45.4903 0.684579 41.9946 41.7545 0.407229 1.01039e-31 0.396066 inf 4.12811
45.6159 0.631598 42.1427 41.8372 0.407229 1.01039e-31 0.396066 inf 3.95051
45.7416 0.587617 42.2969 41.9138 0.40723 1.0104e-31 0.396068 inf 3.77291
45.8673 0.554022 42.456 41.9855 0.407229 1.0104e-31 0.396068 inf 3.59531
45.9929 0.531867 42.6185 42.0537 0.40723 1.01041e-31 0.396068 inf 3.41771
46.1186 0.521852 42.7831 42.1199 0.40723 1.0104e-31 0.396068 inf 3.24011
46.2442 0.52429 42.9482 42.1856 0.407229 1.0104e-31 0.396066 inf 3.06251
46.3699 0.539105 43.1122 42.2524 0.407228 1.01039e-31 0.396065 inf 2.88491
46.4956 0.565831 43.2736 42.3218 0.407228 1.01039e-31 0.396065 inf 2.70731
46.6212 0.603627 43.4309 42.3952 0.407229 1.01039e-31 0.396066 inf 2.52972
46.7469 0.651305 43.5828 42.4741 0.407229 1.0104e-31 0.396066 inf 2.35212
46.8726 0.707363 43.7282 42.5594 0.407229 1.01039e-31 0.396065 inf 2.17452
46.9982 0.77004 43.8662 42.6523 0.407229 1.01039e-31 0.396065 inf 1.99692
47.1239 0.837362 43.9959 42.7533 0.407229 1.01039e-31 0.396066 inf 1.81932
47.2496 0.907212 44.117 42.863 0.407229 1.0104e-31 0.396066 inf 1.64173
47.3752 0.977394 44.2293 42.9815 0.407229 1.0104e-31 0.396067 inf 1.46413
47.5009 1.0457 44.3329 43.1087 0.407229 1.0104e-31 0.396066 inf 1.28653
47.6265 1.10998 44.4281 43.2442 0.407229 1.0104e-31 0.396067 inf 1.10893
47.7522 1.16821 44.5156 43.3875 0.407228 1.01039e-31 0.396066 inf 0.931332
47.8779 1.21856 44.5963 43.5376 0.407229 1.0104e-31 0.396067 inf 0.753732
48.0035 1.25945 44.6712 43.6934 0.407228 1.01039e-31 0.396065 inf 0.576135
48.1292 1.28958 44.7417 43.8537 0.407229 1.0104e-31 0.396067 inf 0.398535
48.2549 1.30802 44.8091 44.0171 0.407229 1.01039e-31 0.396066 inf 0.220937
48.3805 1.31419 44.875 44.182 0.40723 1.01041e-31 0.396068 inf 0.0433373
48.5062 1.30788 44.9408 44.3469 0.407228 1.01039e-31 0.396064 inf 6.14892
48.6319 1.28929 45.0083 44.5103 0.407228 1.01039e-31 0.396065 inf 5.97132
48.7575 1.25902 45.0788 44.6705 0.40723 1.01041e-31 0.396068 inf 5.79373
48.8832 1.21801 45.1538 44.8263 0.407229 1.0104e-31 0.396066 inf 5.61613
49.0088 1.16755 45.2345 44.9763 0.407229 1.0104e-31 0.396068 inf 5.43853
49.1345 1.10924 45.3221 45.1195 0.407229 1.0104e-31 0.396067 inf 5.26093
49.2602 1.0449 45.4175 45.2549 0.407229 1.01039e-31 0.396066 inf 5.08333
49.3858 0.976561 45.5211 45.382 0.407229 1.0104e-31 0.396067 inf 4.90573
49.5115 0.906371 45.6335 45.5004 0.407229 1.0104e-31 0.396066 inf 4.72814
49.6372 0.836537 45.7547 45.61 0.407229 1.0104e-31 0.396066 inf 4.55054
49.7628 0.769258 45.8846 45.7109 0.407229 1.0104e-31 0.396067 inf 4.37294
49.8885 0.70665 46.0226 45.8037 0.407228 1.01039e-31 0.396065 inf 4.19534
50.0142 0.650682 46.1681 45.8889 0.407229 1.0104e-31 0.396067 inf 4.01774
50.1398 0.603114 46.3201 45.9677 0.407229 1.0104e-31 0.396067 inf 3.84014
50.2655 0.565444 46.4775 46.0411 0.407229 1.0104e-31 0.396067 inf 3.66254
50.3911 0.538856 46.6389 46.1105 0.407229 1.01039e-31 0.396066 inf 3.48495
50.5168 0.524187 46.8029 46.1772 0.407229 1.0104e-31 0.396066 inf 3.30735
50.6425 0.521898 46.968 46.2429 0.407229 1.0104e-31 0.396066 inf 3.12975
50.7681 0.532062 47.1326 46.3091 0.407229 1.01039e-31 0.396065 inf 2.95215
50.8938 0.554357 47.2951 46.3773 0.407229 1.0104e-31 0.396067 inf 2.77455
51.0195 0.588084 47.4541 46.4491 0.407228 1.01039e-31 0.396065 inf 2.59695
51.1451 0.632181 47.6083 46.5257 0.407228 1.01039e-31 0.396066 inf 2.41935
51.2708 0.685261 47.7563 46.6085 0.407229 1.01039e-31 0.396066 inf 2.24176
51.3965 0.745654 47.8971 46.6984 0.407229 1.01039e-31 0.396065 inf 2.06415
51.5221 0.81146 48.03 46.7963 0.407229 1.0104e-31 0.396067 inf 1.88656
51.6478 0.880609 48.1544 46.9027 0.407229 1.0104e-31 0.396067 inf 1.70896
51.7734 0.950926 48.2701 47.0178 0.407229 1.0104e-31 0.396066 inf 1.53136
51.8991 1.0202 48.3769 47.1417 0.407228 1.0104e-31 0.396066 inf 1.35376
52.0248 1.08625 48.4752 47.2742 0.407229 1.0104e-31 0.396067 inf 1.17616
52.1504 1.14699 48.5656 47.4146 0.407229 1.01039e-31 0.396065 inf 0.998573
52.2761 1.20053 48.6487 47.5622 0.407229 1.0104e-31 0.396067 inf 0.820965
52.4018 1.24517 48.7257 47.716 0.407229 1.0104e-31 0.396068 inf 0.643368
52.5274 1.27951 48.7977 47.8748 0.40723 1.0104e-31 0.396068 inf 0.46577
52.6531 1.30246 48.8661 48.0372 0.407229 1.0104e-31 0.396068 inf 0.288171
52.7788 1.31332 48.9324 48.2017 0.407229 1.0104e-31 0.396067 inf 0.110574
52.9044 1.31173 48.998 48.3668 0.407229 1.0104e-31 0.396067 inf 6.21616
53.0301 1.29774 49.0647 48.5309 0.40723 1.0104e-31 0.396068 inf 6.03856
53.1557 1.2718 49.1339 48.6925 0.40723 1.0104e-31 0.396068 inf 5.86097
53.2814 1.23472 49.207 48.8502 0.407229 1.01039e-31 0.396066 inf 5.68337
53.4071 1.18767 49.2854 49.0025 0.407229 1.0104e-31 0.396067 inf 5.50577
53.5327 1.13213 49.3703 49.1484 0.407229 1.0104e-31 0.396067 inf 5.32817
53.6584 1.06984 49.4626 49.2868 0.407229 1.0104e-31 0.396066 inf 5.15057
53.7841 1.00277 49.5631 49.4172 0.407229 1.0104e-31 0.396067 inf 4.97298
53.9097 0.933022 49.6722 49.5389 0.407229 1.0104e-31 0.396066 inf 4.79537
54.0354 0.862793 49.7901 49.6518 0.407229 1.0104e-31 0.396066 inf 4.61777
54.1611 0.794292 49.9167 49.7559 0.407229 1.0104e-31 0.396067 inf 4.44018
54.2867 0.729674 50.0517 49.8517 0.407229 1.01039e-31 0.396066 inf 4.26258
54.4124 0.670972 50.1944 49.9397 0.407229 1.01039e-31 0.396065 inf 4.08498
54.538 0.620033 50.3441 50.0208 0.407229 1.01039e-31 0.396066 inf 3.90738
54.6637 0.578459 50.4996 50.0961 0.407229 1.0104e-31 0.396067 inf 3.72978
54.7894 0.547557 50.6596 50.1668 0.407229 1.0104e-31 0.396066 inf 3.55218
54.915 0.528301 50.8228 50.2344 0.40723 1.01041e-31 0.396068 inf 3.37458
55.0407 0.521295 50.9877 50.3003 0.407229 1.01039e-31 0.396066 inf 3.19699
55.1664 0.526761 51.1527 50.3661 0.407228 1.01039e-31 0.396064 inf 3.01939
55.292 0.544526 51.3162 50.4334 0.407229 1.01039e-31 0.396066 inf 2.84179
55.4177 0.574031 51.4767 50.5037 0.407228 1.01039e-31 0.396064 inf 2.66419
55.5434 0.614348 51.6328 50.5783 0.407229 1.01039e-31 0.396066 inf 2.48659
55.669 0.664209 51.7833 50.6586 0.407229 1.0104e-31 0.396067 inf 2.309
55.7947 0.722046 51.9269 50.7457 0.407229 1.0104e-31 0.396067 inf 2.1314
55.9203 0.786038 52.0629 50.8405 0.407229 1.01039e-31 0.396065 inf 1.95379
56.046 0.854173 52.1906 50.9436 0.407229 1.0104e-31 0.396066 inf 1.7762
56.1717 0.924308 52.3096 51.0554 0.407229 1.0104e-31 0.396066 inf 1.5986
56.2973 0.994235 52.4197 51.176 0.407229 1.0104e-31 0.396066 inf 1.421
56.423 1.06176 52.5212 51.3053 0.407229 1.0104e-31 0.396067 inf 1.2434
56.5487 1.12475 52.6145 51.4428 0.407229 1.0104e-31 0.396067 inf 1.0658
56.6743 1.18122 52.7003 51.5878 0.407229 1.01039e-31 0.396066 inf 0.888208
56.8 1.22941 52.7795 51.7394 0.407229 1.0104e-31 0.396067 inf 0.710604
56.9257 1.26779 52.8532 51.8964 0.407229 1.0104e-31 0.396068 inf 0.533006
57.0513 1.29517 52.9228 52.0576 0.40723 1.01041e-31 0.396068 inf 0.355407
57.177 1.31066 52.9897 52.2215 0.407228 1.01039e-31 0.396065 inf 0.177812
57.3027 1.3138 53.0554 52.3866 0.407229 1.0104e-31 0.396067 inf 0.000212957
57.4283 1.30447 53.1215 52.5512 0.407228 1.01039e-31 0.396064 inf 6.1058
57.554 1.28298 53.1895 52.714 0.407228 1.01038e-31 0.396064 inf 5.9282
57.6796 1.25 53.261 52.8733 0.407229 1.01039e-31 0.396065 inf 5.7506
57.8053 1.20657 53.3373 53.0278 0.40723 1.0104e-31 0.396068 inf 5.57301
57.931 1.15405 53.4196 53.1762 0.407228 1.01039e-31 0.396065 inf 5.3954
58.0566 1.0941 53.509 53.3176 0.407229 1.0104e-31 0.396067 inf 5.21781
58.1823 1.02859 53.6063 53.4511 0.407229 1.0104e-31 0.396067 inf 5.04021
58.308 0.959604 53.7121 53.5761 0.407229 1.01039e-31 0.396066 inf 4.86261
58.4336 0.889296 53.8266 53.6923 0.407229 1.01039e-31 0.396066 inf 4.68501
58.5593 0.819883 53.95 53.7997 0.407229 1.0104e-31 0.396067 inf 4.50741
58.685 0.753548 54.0818 53.8986 0.407229 1.0104e-31 0.396067 inf 4.32981
58.8106 0.692378 54.2218 53.9895 0.407229 1.01039e-31 0.396065 inf 4.15222
58.9363 0.638297 54.3689 54.0731 0.407228 1.01039e-31 0.396065 inf 3.97462
59.0619 0.593007 54.5223 54.1504 0.407229 1.0104e-31 0.396067 inf 3.79702
59.1876 0.557931 54.6808 54.2227 0.407229 1.0104e-31 0.396067 inf 3.61942
59.3133 0.534175 54.843 54.2913 0.407229 1.01039e-31 0.396066 inf 3.44182
59.4389 0.522484 55.0074 54.3577 0.407228 1.01039e-31 0.396064 inf 3.26422
59.5646 0.523227 55.1725 54.4234 0.407229 1.0104e-31 0.396066 inf 3.08662
59.6903 0.536381 55.3368 54.4899 0.40723 1.01041e-31 0.396069 inf 2.90903
59.8159 0.561531 55.4986 54.5588 0.40723 1.0104e-31 0.396068 inf 2.73143
59.9416 0.597886 55.6565 54.6317 0.407229 1.01039e-31 0.396066 inf 2.55383
60.0673 0.644304 55.8093 54.7097 0.407229 1.0104e-31 0.396067 inf 2.37623
60.1929 0.699322 55.9556 54.7941 0.407229 1.0104e-31 0.396066 inf 2.19863
60.3186 0.761212 56.0946 54.8859 0.407229 1.01039e-31 0.396066 inf 2.02103
60.4442 0.828025 56.2255 54.9858 0.407229 1.01039e-31 0.396066 inf 1.84343
60.5699 0.89766 56.3478 55.0943 0.407229 1.0104e-31 0.396067 inf 1.66584
60.6956 0.967927 56.4613 55.2116 0.407229 1.0104e-31 0.396067 inf 1.48824
60.8212 1.03661 56.566 55.3376 0.407229 1.01039e-31 0.396066 inf 1.31064
60.9469 1.10156 56.6624 55.472 0.407229 1.0104e-31 0.396067 inf 1.13304
61.0726 1.16073 56.7509 55.6143 0.407229 1.0104e-31 0.396066 inf 0.955443
61.1982 1.21225 56.8324 55.7635 0.407229 1.01039e-31 0.396066 inf 0.777844
61.3239 1.2545 56.9081 55.9187 0.407228 1.01039e-31 0.396064 inf 0.600248
61.4496 1.28616 56.9791 56.0784 0.40723 1.0104e-31 0.396068 inf 0.422646
61.5752 1.30623 57.0468 56.2415 0.40723 1.01041e-31 0.396068 inf 0.245048
61.7009 1.31408 57.1128 56.4063 0.40723 1.0104e-31 0.396068 inf 0.0674498
61.8265 1.30946 57.1785 56.5713 0.407229 1.0104e-31 0.396067 inf 6.17304
61.9522 1.29252 57.2457 56.7349 0.407228 1.01038e-31 0.396064 inf 5.99544
62.0779 1.26378 57.3157 56.8957 0.407228 1.01039e-31 0.396065 inf 5.81784
62.2035 1.22416 57.39 57.0522 0.407229 1.0104e-31 0.396067 inf 5.64024
62.3292 1.1749 57.4699 57.203 0.407229 1.0104e-31 0.396066 inf 5.46264
62.4549 1.11755 57.5565 57.3472 0.407229 1.0104e-31 0.396067 inf 5.28505
62.5805 1.05392 57.6507 57.4837 0.407229 1.01039e-31 0.396066 inf 5.10744
62.7062 0.985997 57.7533 57.612 0.407229 1.01039e-31 0.396066 inf 4.92984
