it time x y z u v w Bx By Bz
0 0 0.998028 0.0628319 0.0628009 -0.0313927 1 0.999507 0 1 0.0627493
2 0.125664 0.983279 0.188584 0.18746 -0.144599 1.00116 0.988315 0 1 0.186379
4 0.251327 0.955967 0.314854 0.309458 -0.240066 1.00651 0.964002 0 1 0.304847
6 0.376991 0.918424 0.442389 0.427362 -0.316707 1.01828 0.928867 0 1 0.415623
8 0.502655 0.873095 0.572107 0.54004 -0.373724 1.03756 0.88533 0 1 0.516905
10 0.628319 0.822499 0.704954 0.646671 -0.410571 1.06429 0.835891 0 1 0.607503
12 0.753982 0.769195 0.841778 0.746753 -0.427014 1.09745 0.783104 0 1 0.68675
14 0.879646 0.715734 0.983218 0.840107 -0.423237 1.13519 0.729524 0 1 0.754456
16 1.00531 0.664594 1.12962 0.92687 -0.399952 1.17509 0.677653 0 1 0.810891
18 1.13097 0.618108 1.28101 1.00748 -0.358477 1.2144 0.629863 0 1 0.856754
20 1.25664 0.578383 1.43704 1.08266 -0.300742 1.25037 0.588324 0 1 0.893101
22 1.3823 0.547232 1.59706 1.15337 -0.229238 1.28043 0.554928 0 1 0.921225
24 1.50796 0.526113 1.7601 1.22079 -0.146906 1.30239 0.531221 0 1 0.942515
26 1.63363 0.516078 1.92499 1.28625 -0.05701 1.31455 0.518363 0 1 0.958327
28 1.75929 0.517756 2.09039 1.35117 0.037006 1.31577 0.517087 0 1 0.969887
30 1.88496 0.531335 2.25485 1.41706 0.131651 1.30545 0.527693 0 1 0.978236
32 2.01062 0.556571 2.41693 1.48539 0.223508 1.28355 0.550043 0 1 0.984214
34 2.13628 0.592807 2.57519 1.55758 0.309336 1.2505 0.583582 0 1 0.988472
36 2.26195 0.639002 2.72833 1.63497 0.386168 1.20718 0.627363 0 1 0.991501
38 2.38761 0.693776 2.87516 1.71871 0.451383 1.15487 0.680089 0 1 0.993657
40 2.51327 0.755459 3.01471 1.80978 0.502784 1.09516 0.740157 0 1 0.995198
42 2.63894 0.822148 3.14622 1.90894 0.538644 1.02989 0.805719 0 1 0.996306
44 2.7646 0.891772 3.26917 2.01667 0.557758 0.961109 0.874743 0 1 0.99711
46 2.89027 0.962161 3.38334 2.13322 0.55947 0.890966 0.945079 0 1 0.9977
48 3.01593 1.03112 3.48876 2.25855 0.543686 0.821668 1.01453 0 1 0.998137
50 3.14159 1.09648 3.58573 2.39233 0.510875 0.755395 1.08092 0 1 0.998465
52 3.26726 1.15619 3.67485 2.53398 0.462047 0.694234 1.14217 0 1 0.998715
54 3.39292 1.20839 3.75692 2.68268 0.398724 0.640111 1.19636 0 1 0.99891
56 3.51858 1.25144 3.83301 2.83737 0.322886 0.594729 1.24179 0 1 0.999063
58 3.64425 1.28398 3.90434 2.99683 0.236912 0.559518 1.27703 0 1 0.999188
60 3.76991 1.305 3.97231 3.15965 0.1435 0.535588 1.30098 0 1 0.999291
62 3.89557 1.31382 4.03839 3.32436 0.0455839 0.523692 1.31289 0 1 0.999379
64 4.02124 1.31019 4.10415 3.48939 -0.0537601 0.524207 1.31237 0 1 0.999455
66 4.1469 1.2942 4.17115 3.65319 -0.151409 0.537116 1.29945 0 1 0.999524
68 4.27257 1.26637 4.2409 3.81423 -0.244292 0.562017 1.27454 0 1 0.999586
70 4.39823 1.22757 4.31484 3.97107 -0.32949 0.598126 1.23842 0 1 0.999643
72 4.52389 1.17903 4.39428 4.12241 -0.404321 0.644308 1.19222 0 1 0.999695
74 4.64956 1.12226 4.48035 4.26713 -0.466434 0.699111 1.1374 0 1 0.999743
76 4.77522 1.05905 4.57397 4.40429 -0.513873 0.760812 1.07569 0 1 0.999787
78 4.90088 0.991394 4.67583 4.53321 -0.545145 0.82747 1.00901 0 1 0.999826
80 5.02655 0.921421 4.78635 4.65347 -0.559268 0.896988 0.939484 0 1 0.999861
82 5.15221 0.85133 4.90569 4.76491 -0.555796 0.967179 0.869284 0 1 0.99989
84 5.27788 0.783327 5.03372 4.86765 -0.534838 1.03583 0.800622 0 1 0.999915
86 5.40354 0.71955 5.17005 4.9621 -0.497053 1.10079 0.735658 0 1 0.999935
88 5.5292 0.662006 5.31401 5.04891 -0.44363 1.16001 0.676437 0 1 0.999952
90 5.65487 0.612507 5.46471 5.12898 -0.37625 1.21163 0.62482 0 1 0.999964
92 5.78053 0.572608 5.62104 5.20343 -0.297032 1.25401 0.582433 0 1 0.999974
94 5.90619 0.543566 5.78171 5.27353 -0.208469 1.28583 0.550609 0 1 0.999981
96 6.03186 0.526294 5.9453 5.34072 -0.113347 1.30609 0.530348 0 1 0.999986
98 6.15752 0.521336 6.11029 5.40651 -0.0146584 1.31415 0.52229 0 1 0.99999
100 6.28319 0.528847 6.27511 5.47246 0.0844918 1.30976 0.526686 0 1 0.999993
102 6.40885 0.548592 6.43822 5.54012 0.180985 1.29304 0.543399 0 1 0.999995
104 6.53451 0.579949 6.59811 5.61101 0.271784 1.26454 0.571904 0 1 0.999996
106 6.66018 0.621932 6.75339 5.68651 0.354034 1.22514 0.611303 0 1 0.999997
108 6.78584 0.67322 6.90279 5.76788 0.425147 1.17609 0.660357 0 1 0.999998
110 6.9115 0.7322 7.04525 5.85619 0.482885 1.11892 0.717523 0 1 0.999998
112 7.03717 0.797017 7.17992 5.9523 0.525433 1.05544 0.781003 0 1 0.999999
114 7.16283 0.865631 7.30618 6.05681 0.551451 0.987644 0.8488 0 1 0.999999
116 7.28849 0.935883 7.42371 6.17006 0.560122 0.917664 0.91878 0 1 0.999999
118 7.41416 1.00556 7.53242 6.29212 0.551172 0.847701 0.988743 0 1 0.999999
120 7.53982 1.07248 7.63254 6.42278 0.524883 0.779957 1.05649 0 1 1
122 7.66549 1.13453 7.72453 6.56156 0.482083 0.716562 1.11988 0 1 1
124 7.79115 1.18976 7.80914 6.70772 0.424116 0.659511 1.17693 0 1 1
126 7.91681 1.23644 7.88734 6.8603 0.352808 0.610599 1.22584 0 1 1
128 8.04248 1.27308 7.96029 7.01812 0.270401 0.571364 1.26508 0 1 1
130 8.16814 1.29855 8.02933 7.17985 0.179487 0.543041 1.2934 0 1 1
132 8.2938 1.31204 8.09592 7.34404 0.0829276 0.526521 1.30992 0 1 1
134 8.41947 1.31312 8.16159 7.50914 -0.0162411 0.522322 1.31412 0 1 1
136 8.54513 1.30176 8.22791 7.6736 -0.114899 0.530578 1.30587 0 1 1
138 8.6708 1.27833 8.29642 7.83587 -0.209942 0.551029 1.28541 0 1 1
140 8.79646 1.24355 8.36859 7.99447 -0.298381 0.583031 1.25341 0 1 1
142 8.92212 1.19852 8.44579 8.14804 -0.377433 0.625578 1.21087 0 1 1
144 9.04779 1.14465 8.52921 8.29539 -0.444612 0.67733 1.15911 0 1 1
146 9.17345 1.08365 8.61987 8.43551 -0.497804 0.736661 1.09978 0 1 1
148 9.29911 1.01743 8.71853 8.56762 -0.535335 0.801704 1.03474 0 1 1
150 9.42478 0.948071 8.82573 8.6912 -0.556026 0.870411 0.966032 0 1 1
152 9.55044 0.877759 8.94172 8.80598 -0.559226 0.940623 0.89582 0 1 1
154 9.67611 0.808703 9.06649 8.91198 -0.544833 1.01013 0.826313 0 1 1
156 9.80177 0.743078 9.19974 9.00951 -0.5133 1.07675 0.759697 0 1 1
158 9.92743 0.682947 9.3409 9.09912 -0.46562 1.13838 0.698068 0 1 1
160 10.0531 0.630202 9.48917 9.18163 -0.403292 1.19308 0.643365 0 1 1
162 10.1788 0.586502 9.64351 9.25806 -0.328277 1.23914 0.597308 0 1 1
164 10.3044 0.553222 9.8027 9.32965 -0.242935 1.2751 0.561347 0 1 1
166 10.4301 0.531408 9.96536 9.39777 -0.149951 1.29983 0.536612 0 1 1
168 10.5558 0.521748 10.13 9.4639 -0.0522495 1.31256 0.523883 0 1 1
170 10.6814 0.524544 10.2951 9.52961 0.0470957 1.31289 0.523558 0 1 1
172 10.8071 0.53971 10.459 9.59644 0.144959 1.30079 0.535649 0 1 1
174 10.9327 0.566767 10.6203 9.66594 0.238263 1.27667 0.559775 0 1 1
176 11.0584 0.604865 10.7775 9.73953 0.324071 1.24127 0.595178 0 1 1
178 11.1841 0.652806 10.9292 9.81854 0.399684 1.1957 0.640742 0 1 1
180 11.3097 0.70908 11.0744 9.90412 0.462724 1.14141 0.695036 0 1 1
182 11.4354 0.771918 11.2121 9.99719 0.511207 1.08009 0.756351 0 1 1
184 11.5611 0.839343 11.3416 10.0985 0.543609 1.01369 0.822758 0 1 1
186 11.6867 0.909234 11.4625 10.2084 0.558909 0.944275 0.892169 0 1 1
188 11.8124 0.979392 11.5745 10.3271 0.556627 0.874045 0.962398 0 1 1
190 11.9381 1.04761 11.6779 10.4546 0.536835 0.805205 1.03124 0 1 1
192 12.0637 1.11174 11.7729 10.5903 0.500154 0.73992 1.09652 0 1 1
194 12.1894 1.16977 11.8602 10.7338 0.44774 0.680245 1.1562 0 1 1
196 12.315 1.21987 11.9407 10.8841 0.38124 0.628055 1.20839 0 1 1
198 12.4407 1.26047 12.0154 11.0401 0.302747 0.584994 1.25145 0 1 1
200 12.5664 1.29028 12.0858 11.2005 0.21473 0.552416 1.28403 0 1 1
202 12.692 1.30837 12.1531 11.3639 0.119958 0.531345 1.3051 0 1 1
204 12.8177 1.31418 12.219 11.5289 0.0214124 0.522445 1.314 0 1 1
206 12.9434 1.30751 12.2849 11.6937 -0.0778069 0.525995 1.31045 0 1 1
208 13.069 1.28858 12.3524 11.857 -0.174578 0.541885 1.29456 0 1 1
210 13.1947 1.25799 12.423 12.0172 -0.265858 0.569613 1.26683 0 1 1
212 13.3204 1.21669 12.4981 12.1728 -0.348774 0.608308 1.22814 0 1 1
214 13.446 1.16598 12.5791 12.3226 -0.420718 0.656752 1.17969 0 1 1
216 13.5717 1.10747 12.6669 12.4656 -0.479428 0.713422 1.12302 0 1 1
218 13.6973 1.04298 12.7624 12.6008 -0.523055 0.776534 1.05991 0 1 1
220 13.823 0.974561 12.8664 12.7277 -0.550227 0.844104 0.99234 0 1 1
222 13.9487 0.90435 12.979 12.8458 -0.560091 0.914005 0.922439 0 1 1
224 14.0743 0.834559 13.1005 12.9551 -0.552334 0.984039 0.852405 0 1 1
226 14.2 0.767385 13.2306 13.0558 -0.527203 1.052 0.784441 0 1 1
228 14.3257 0.704941 13.3688 13.1483 -0.485486 1.11576 0.720686 0 1 1
230 14.4513 0.649191 13.5145 13.2334 -0.428496 1.1733 0.663146 0 1 1
232 14.577 0.601888 13.6667 13.312 -0.358027 1.22281 0.613629 0 1 1
234 14.7027 0.564521 13.8242 13.3853 -0.276295 1.26275 0.573695 0 1 1
236 14.8283 0.538266 13.9857 13.4545 -0.185871 1.29185 0.544598 0 1 1
238 14.954 0.523948 14.1498 13.5212 -0.0895999 1.30919 0.527256 0 1 1
240 15.0796 0.522017 14.3149 13.5869 0.00948995 1.31423 0.522212 0 1 1
242 15.2053 0.532535 14.4794 13.6531 0.108281 1.30682 0.529627 0 1 1
244 15.331 0.555171 14.6419 13.7215 0.203666 1.28718 0.549266 0 1 1
246 15.4566 0.589212 14.8008 13.7933 0.292644 1.25593 0.580512 0 1 1
248 15.5823 0.633588 14.9547 13.8702 0.372416 1.21406 0.622381 0 1 1
250 15.708 0.686902 15.1025 13.9531 0.440472 1.16289 0.673558 0 1 1
252 15.8336 0.747478 15.2432 14.0433 0.494672 1.10401 0.732431 0 1 1
254 15.9593 0.813409 15.3758 14.1414 0.53331 1.0393 0.797148 0 1 1
256 16.085 0.882623 15.5 14.248 0.555171 0.970769 0.865675 0 1 1
258 16.2106 0.95294 15.6154 14.3634 0.559567 0.900589 0.935854 0 1 1
260 16.3363 1.02215 15.722 14.4875 0.54636 0.830965 1.00548 0 1 1
262 16.4619 1.08808 15.8201 14.6202 0.515966 0.764085 1.07236 0 1 1
264 16.5876 1.14864 15.9102 14.7609 0.46934 0.702054 1.13439 0 1 1
266 16.7133 1.20194 15.9931 14.9087 0.407949 0.646823 1.18962 0 1 1
268 16.8389 1.2463 16.07 15.0627 0.333725 0.60013 1.23631 0 1 1
270 16.9646 1.28033 16.1418 15.2216 0.249002 0.563444 1.273 0 1 1
272 17.0903 1.30295 16.2101 15.384 0.156446 0.537918 1.29853 0 1 1
274 17.2159 1.31345 16.2764 15.5486 0.058969 0.524357 1.31209 0 1 1
276 17.3416 1.3115 16.342 15.7137 -0.0403634 0.523185 1.31326 0 1 1
278 17.4673 1.29716 16.4088 15.8777 -0.138426 0.534441 1.302 0 1 1
280 17.5929 1.27089 16.478 16.0392 -0.232134 0.55777 1.27867 0 1 1
282 17.7186 1.2335 16.5513 16.1967 -0.318539 0.592438 1.24401 0 1 1
284 17.8442 1.18619 16.6299 16.3489 -0.394924 0.637355 1.19909 0 1 1
286 17.9699 1.13043 16.715 16.4946 -0.458885 0.691108 1.14534 0 1 1
288 18.0956 1.06797 16.8075 16.6328 -0.50841 0.752005 1.08444 0 1 1
290 18.2212 1.00079 16.9082 16.7629 -0.541942 0.818131 1.01831 0 1 1
292 18.3469 0.931001 17.0176 16.8844 -0.558424 0.887406 0.949038 0 1 1
294 18.4726 0.860791 17.1357 16.997 -0.55734 0.95765 0.878794 0 1 1
296 18.5982 0.792372 17.2626 17.1009 -0.538723 1.02665 0.80979 0 1 1
298 18.7239 0.727897 17.3978 17.1964 -0.503158 1.09225 0.744197 0 1 1
300 18.8496 0.669393 17.5408 17.2842 -0.451764 1.15236 0.684079 0 1 1
302 18.9752 0.618702 17.6906 17.3652 -0.386159 1.20512 0.631326 0 1 1
304 19.1009 0.577417 17.8462 17.4403 -0.308406 1.24884 0.587599 0 1 1
306 19.2265 0.546838 18.0064 17.5109 -0.220951 1.28217 0.554273 0 1 1
308 19.3522 0.527927 18.1697 17.5784 -0.126545 1.30405 0.532396 0 1 1
310 19.4779 0.521278 18.3346 17.6443 -0.0281586 1.31379 0.522656 0 1 1
312 19.6035 0.527101 18.4995 17.7101 0.0711139 1.31108 0.525361 0 1 1
314 19.7292 0.545213 18.6629 17.7775 0.168149 1.29602 0.540424 0 1 1
316 19.8549 0.575043 18.8234 17.8478 0.259895 1.26907 0.567372 0 1 1
318 19.9805 0.615654 18.9793 17.9226 0.343465 1.23109 0.605357 0 1 1
320 20.1062 0.665767 19.1296 18.0031 0.41623 1.18326 0.653184 0 1 1
322 20.2319 0.723807 19.2731 18.0905 0.475901 1.12709 0.70935 0 1 1
324 20.3575 0.787947 19.4088 18.1855 0.520601 1.06436 0.772085 0 1 1
326 20.4832 0.85617 19.5363 18.2888 0.548924 0.997025 0.839419 0 1 1
328 20.6088 0.92633 19.655 18.4009 0.559978 0.927213 0.909231 0 1 1
330 20.7345 0.996218 19.7649 18.5217 0.553416 0.857118 0.979326 0 1 1
332 20.8602 1.06364 19.8661 18.6513 0.529445 0.788945 1.0475 0 1 1
334 20.9858 1.12647 19.9592 18.789 0.488818 0.724839 1.1116 0 1 1
336 21.1115 1.18273 20.0448 18.9342 0.432814 0.666817 1.16963 0 1 1
338 21.2372 1.23066 20.1238 19.086 0.363194 0.616703 1.21974 0 1 1
340 21.3628 1.26874 20.1974 19.2431 0.282149 0.576075 1.26037 0 1 1
342 21.4885 1.29578 20.2668 19.4044 0.192228 0.54621 1.29023 0 1 1
344 21.6142 1.31093 20.3337 19.5684 0.0962592 0.528048 1.3084 0 1 1
346 21.7398 1.3137 20.3994 19.7334 -0.00273745 0.52216 1.31428 0 1 1
348 21.8655 1.30403 20.4655 19.8981 -0.101648 0.528732 1.30771 0 1 1
350 21.9911 1.28219 20.5336 20.0607 -0.197361 0.547556 1.28889 0 1 1
352 22.1168 1.2489 20.6052 20.2199 -0.286865 0.578041 1.2584 0 1 1
354 22.2425 1.20518 20.6817 20.3742 -0.367345 0.619228 1.21722 0 1 1
356 22.3681 1.15242 20.7642 20.5225 -0.436269 0.66982 1.16662 0 1 1
358 22.4938 1.09228 20.8538 20.6636 -0.491468 0.728227 1.10822 0 1 1
360 22.6195 1.02665 20.9513 20.7969 -0.531207 0.792611 1.04383 0 1 1
362 22.7451 0.957593 21.0574 20.9216 -0.554235 0.860946 0.975498 0 1 1
364 22.8708 0.88728 21.1722 21.0376 -0.559827 0.931083 0.905361 0 1 1
366 22.9965 0.817925 21.2958 21.1448 -0.547808 1.00082 0.835628 0 1 1
368 23.1221 0.75171 21.4279 21.2435 -0.518556 1.06795 0.768494 0 1 1
370 23.2478 0.690718 21.568 21.3341 -0.472991 1.13037 0.70607 0 1 1
372 23.3734 0.636866 21.7154 21.4175 -0.412546 1.18612 0.65032 0 1 1
374 23.4991 0.591851 21.8689 21.4947 -0.339124 1.23345 0.602998 0 1 1
376 23.6248 0.557087 22.0276 21.5669 -0.255033 1.27085 0.565592 0 1 1
378 23.7504 0.533668 22.1898 21.6354 -0.162919 1.29716 0.53928 0 1 1
380 23.8761 0.522331 22.3543 21.7017 -0.06568 1.31156 0.524888 0 1 1
382 24.0018 0.523433 22.5194 21.7674 0.0336252 1.31357 0.52287 0 1 1
384 24.1274 0.536939 22.6836 21.834 0.131873 1.30315 0.533289 0 1 1
386 24.2531 0.562423 22.8453 21.903 0.225972 1.28063 0.555818 0 1 1
388 24.3788 0.599085 23.0031 21.976 0.312962 1.2467 0.589747 0 1 1
390 24.5044 0.645771 23.1557 22.0542 0.390107 1.20243 0.634009 0 1 1
392 24.6301 0.701013 23.3018 22.1388 0.454979 1.14923 0.687212 0 1 1
394 24.7558 0.763072 23.4406 22.2308 0.505539 1.08876 0.747683 0 1 1
396 24.8814 0.829996 23.5713 22.3309 0.540196 1.02293 0.813518 0 1 1
398 25.0071 0.89968 23.6933 22.4396 0.557858 0.953796 0.882648 0 1 1
400 25.1327 0.969932 23.8065 22.5572 0.557972 0.883548 0.952896 0 1 1
402 25.2584 1.03854 23.911 22.6835 0.540532 0.81439 1.02205 0 1 1
404 25.3841 1.10335 24.0071 22.8181 0.506088 0.748499 1.08794 0 1 1
406 25.5097 1.16232 24.0954 22.9606 0.455724 0.687947 1.1485 0 1 1
408 25.6354 1.2136 24.1768 23.11 0.391023 0.634639 1.2018 0 1 1
410 25.7611 1.25556 24.2523 23.2653 0.314021 0.590252 1.24619 0 1 1
412 25.8867 1.2869 24.3232 23.4252 0.22714 0.556183 1.28026 0 1 1
414 26.0124 1.30663 24.3908 23.5883 0.133114 0.533503 1.30294 0 1 1
416 26.1381 1.31412 24.4568 23.7531 0.0349008 0.522925 1.31352 0 1 1
418 26.2637 1.30914 24.5226 23.9181 -0.0644106 0.524783 1.31166 0 1 1
420 26.3894 1.29185 24.5898 24.0817 -0.161696 0.539018 1.29743 0 1 1
422 26.515 1.26279 24.6599 24.2424 -0.253894 0.565182 1.27126 0 1 1
424 26.6407 1.22288 24.7343 24.3987 -0.338106 0.602452 1.23399 0 1 1
426 26.7664 1.17336 24.8144 24.5494 -0.411681 0.649655 1.18679 0 1 1
428 26.892 1.1158 24.9012 24.6933 -0.472305 0.705308 1.13114 0 1 1
430 27.0177 1.05202 24.9957 24.8297 -0.518072 0.767658 1.06879 0 1 1
432 27.1434 0.984004 25.0984 24.9577 -0.54754 0.834745 1.0017 0 1 1
434 27.269 0.913907 25.2099 25.077 -0.559784 0.904458 0.931986 0 1 1
436 27.3947 0.843929 25.3302 25.1875 -0.554418 0.974604 0.86184 0 1 1
438 27.5204 0.776274 25.4591 25.2893 -0.531611 1.04298 0.793468 0 1 1
440 27.646 0.713068 25.5963 25.3829 -0.49208 1.10742 0.729021 0 1 1
442 27.7717 0.656301 25.741 25.469 -0.437069 1.16592 0.670525 0 1 1
444 27.8973 0.607757 25.8924 25.5484 -0.368309 1.21662 0.619821 0 1 1
446 28.023 0.568965 26.0492 25.6223 -0.287962 1.25794 0.578505 0 1 1
448 28.1487 0.541145 26.2103 25.692 -0.198556 1.28857 0.547876 0 1 1
450 28.2743 0.525171 26.3741 25.759 -0.102905 1.30755 0.528897 0 1 1
452 28.4 0.521546 26.5391 25.8247 -0.00401545 1.31428 0.522166 0 1 1
454 28.5257 0.530385 26.7039 25.8908 0.095 1.30855 0.527894 0 1 1
456 28.6513 0.551409 26.8667 25.9587 0.191027 1.29054 0.545901 0 1 1
458 28.777 0.583957 27.0262 26.03 0.281044 1.26082 0.575621 0 1 1
460 28.9027 0.627004 27.1809 26.1061 0.362221 1.22033 0.616118 0 1 1
462 29.0283 0.679198 27.3296 26.1882 0.432002 1.17032 0.666119 0 1 1
464 29.154 0.738895 27.4712 26.2773 0.488193 1.11239 0.724051 0 1 1
466 29.2796 0.804218 27.605 26.3743 0.529027 1.04835 0.788091 0 1 1
468 29.4053 0.873112 27.7304 26.4797 0.553218 0.980218 0.856225 0 1 1
470 29.531 0.943409 27.8469 26.5939 0.560006 0.910134 0.92631 0 1 1
472 29.6566 1.0129 27.9547 26.7169 0.549176 0.840304 0.996139 0 1 1
474 29.7823 1.07939 28.0539 26.8484 0.521071 0.772926 1.06352 0 1 1
476 29.908 1.1408 28.1451 26.988 0.476574 0.710118 1.12633 0 1 1
478 30.0336 1.1952 28.229 27.1349 0.417084 0.653857 1.18259 0 1 1
480 30.1593 1.24086 28.3066 27.2881 0.344474 0.605912 1.23053 0 1 1
482 30.285 1.27636 28.379 27.4464 0.261027 0.567792 1.26865 0 1 1
484 30.4106 1.30058 28.4477 27.6085 0.169368 0.540696 1.29575 0 1 1
486 30.5363 1.31275 28.5141 27.7729 0.0723814 0.525476 1.31097 0 1 1
488 30.6619 1.31249 28.5798 27.938 -0.0268822 0.522612 1.31383 0 1 1
490 30.7876 1.29982 28.6463 28.1023 -0.1253 0.532193 1.30425 0 1 1
492 30.9133 1.27513 28.7151 28.2642 -0.219776 0.553917 1.28253 0 1 1
494 31.0389 1.23919 28.7878 28.4223 -0.307339 0.587103 1.24934 0 1 1
496 31.1646 1.19314 28.8656 28.5753 -0.385233 0.630704 1.20574 0 1 1
498 31.2903 1.13843 28.9497 28.7219 -0.451008 0.683351 1.15309 0 1 1
500 31.4159 1.07678 29.0412 28.8612 -0.502595 0.743386 1.09306 0 1 1
502 31.5416 1.01012 29.1408 28.9924 -0.538371 0.808921 1.02752 0 1 1
504 31.6673 0.940551 29.2489 29.1151 -0.557211 0.877895 0.958549 0 1 1
506 31.7929 0.870267 29.3658 29.2289 -0.558522 0.948137 0.888307 0 1 1
508 31.9186 0.801477 29.4915 29.334 -0.542263 1.01744 0.819006 0 1 1
510 32.0442 0.736343 29.6257 29.4306 -0.508945 1.08362 0.752826 0 1 1
512 32.1699 0.676916 29.7676 29.5195 -0.459617 1.14459 0.691849 0 1 1
514 32.2956 0.625065 29.9166 29.6013 -0.395829 1.19845 0.637993 0 1 1
516 32.4212 0.58242 30.0715 29.6771 -0.31959 1.24349 0.592953 0 1 1
518 32.5469 0.550323 30.2311 29.7483 -0.233296 1.2783 0.558146 0 1 1
520 32.6726 0.529784 30.3941 29.8161 -0.139664 1.30178 0.534666 0 1 1
522 32.7982 0.52145 30.5588 29.8821 -0.041638 1.31319 0.523251 0 1 1
524 32.9239 0.525582 30.7239 29.9479 0.057698 1.31218 0.524263 0 1 1
526 33.0496 0.54205 30.8876 30.0149 0.155219 1.29878 0.537667 0 1 1
528 33.1752 0.570336 31.0485 30.0848 0.247857 1.2734 0.563043 0 1 1
530 33.3009 0.609551 31.2052 30.1589 0.332697 1.23685 0.599592 0 1 1
532 33.4265 0.658461 31.3563 30.2385 0.407072 1.19028 0.646165 0 1 1
534 33.5522 0.715526 31.5007 30.3249 0.468641 1.13515 0.701297 0 1 1
536 33.6779 0.778953 31.6376 30.4188 0.515467 1.07319 0.763253 0 1 1
538 33.8035 0.846745 31.7662 30.521 0.546077 1.00636 0.830083 0 1 1
540 33.9292 0.916771 31.8861 30.6318 0.559509 0.936757 0.899687 0 1 1
542 34.0549 0.986826 31.9972 30.7515 0.555339 0.866571 0.969873 0 1 1
544 34.1805 1.05471 32.0996 30.8799 0.533699 0.798009 1.03843 0 1 1
546 34.3062 1.11828 32.1937 31.0165 0.49527 0.733229 1.10321 0 1 1
548 34.4319 1.17554 32.2803 31.1608 0.441261 0.674269 1.16217 0 1 1
550 34.5575 1.2247 32.3601 31.3117 0.37337 0.622983 1.21346 0 1 1
552 34.6832 1.26419 32.4343 31.4682 0.293733 0.580985 1.25546 0 1 1
554 34.8088 1.29279 32.5043 31.629 0.204856 0.549595 1.28685 0 1 1
556 34.9345 1.30959 32.5714 31.7927 0.109535 0.529803 1.30664 0 1 1
558 35.0602 1.31406 32.6372 31.9577 0.0107678 0.522229 1.31422 0 1 1
560 35.1858 1.30606 32.7032 32.1225 -0.0883381 0.527112 1.30933 0 1 1
562 35.3115 1.28585 32.7709 32.2855 -0.184665 0.5443 1.29214 0 1 1
564 35.4372 1.25406 32.842 32.4453 -0.275183 0.57325 1.26319 0 1 1
566 35.5628 1.21168 32.9177 32.6003 -0.357043 0.613052 1.22339 0 1 1
568 35.6885 1.16006 32.9993 32.7495 -0.427672 0.662455 1.17399 0 1 1
570 35.8142 1.10081 33.0879 32.8916 -0.484847 0.719904 1.11654 0 1 1
572 35.9398 1.03581 33.1843 33.026 -0.52677 0.783591 1.05285 0 1 1
574 36.0655 0.967091 33.2892 33.1519 -0.552121 0.851514 0.98493 0 1 1
576 36.1911 0.896819 33.4028 33.2691 -0.560103 0.921535 0.914909 0 1 1
578 36.3168 0.827205 33.5252 33.3775 -0.550465 0.991452 0.844992 0 1 1
580 36.4425 0.760438 33.6562 33.4773 -0.523511 1.05907 0.777378 0 1 1
582 36.5681 0.69862 33.7952 33.5689 -0.480087 1.12225 0.714196 0 1 1
584 36.6938 0.643694 33.9417 33.6533 -0.421561 1.17901 0.657431 0 1 1
586 36.8195 0.597389 34.0945 33.7313 -0.349773 1.22757 0.608871 0 1 1
588 36.9451 0.561162 34.2525 33.804 -0.266982 1.2664 0.570043 0 1 1
590 37.0708 0.536151 34.4143 33.8729 -0.175792 1.29428 0.542167 0 1 1
592 37.1965 0.523145 34.5786 33.9395 -0.0790723 1.31032 0.526122 0 1 1
594 37.3221 0.522551 34.7437 34.0051 0.0201352 1.31403 0.522412 0 1 1
596 37.4478 0.534389 34.9081 34.0715 0.118709 1.30529 0.531153 0 1 1
598 37.5734 0.558286 35.0702 34.1401 0.213549 1.28437 0.55207 0 1 1
600 37.6991 0.593491 35.2287 34.2125 0.301671 1.25194 0.584507 0 1 1
602 37.8248 0.638895 35.382 34.2899 0.380303 1.209 0.627441 0 1 1
604 37.9504 0.693072 35.5291 34.3736 0.446971 1.15692 0.679523 0 1 1
606 38.0761 0.754315 35.6689 34.4645 0.499578 1.09733 0.739114 0 1 1
608 38.2018 0.8207 35.8007 34.5635 0.536469 1.0321 0.804339 0 1 1
610 38.3274 0.890137 35.924 34.6711 0.556483 0.963296 0.873147 0 1 1
612 38.4531 0.960441 36.0384 34.7874 0.558992 0.89307 0.943373 0 1 1
614 38.5788 1.0294 36.1441 34.9125 0.543915 0.823636 1.01281 0 1 1
616 38.7044 1.09485 36.2413 35.0461 0.511728 0.757176 1.07927 0 1 1
618 38.8301 1.15473 36.3306 35.1875 0.463443 0.695783 1.14066 0 1 1
620 38.9557 1.20715 36.4128 35.3361 0.400578 0.641388 1.19506 0 1 1
622 39.0814 1.25046 36.489 35.4906 0.325112 0.595701 1.24074 0 1 1
624 39.2071 1.28331 36.5605 35.65 0.239419 0.560161 1.27628 0 1 1
626 39.3327 1.30466 36.6285 35.8127 0.146193 0.535884 1.30056 0 1 1
628 39.4584 1.31383 36.6946 35.9774 0.048369 0.523635 1.31281 0 1 1
630 39.5841 1.31055 36.7603 36.1425 -0.0509769 0.523799 1.31264 0 1 1
632 39.7097 1.29491 36.8272 36.3063 -0.148719 0.536371 1.30007 0 1 1
634 39.8354 1.2674 36.8968 36.4675 -0.241783 0.560956 1.27549 0 1 1
636 39.9611 1.22889 36.9706 36.6245 -0.327241 0.596779 1.23966 0 1 1
638 40.0867 1.18059 37.0499 36.776 -0.402404 0.642715 1.19373 0 1 1
640 40.2124 1.12403 37.1357 36.9209 -0.464908 0.697318 1.13913 0 1 1
642 40.338 1.06097 37.2291 37.0583 -0.512787 0.75887 1.07757 0 1 1
644 40.4637 0.993409 37.3307 37.1875 -0.544535 0.825434 1.01101 0 1 1
646 40.5894 0.923466 37.441 37.308 -0.559152 0.894918 0.941526 0 1 1
648 40.715 0.853342 37.56 37.4197 -0.556179 0.965135 0.871309 0 1 1
650 40.8407 0.785244 37.6878 37.5227 -0.53571 1.03388 0.802568 0 1 1
652 40.9664 0.721314 37.8239 37.6174 -0.498388 1.09898 0.737465 0 1 1
654 41.092 0.663563 37.9677 37.7044 -0.445388 1.1584 0.678048 0 1 1
656 41.2177 0.613807 38.1182 37.7846 -0.378376 1.21026 0.626187 0 1 1
658 41.3434 0.573612 38.2744 37.8592 -0.299462 1.25293 0.583513 0 1 1
660 41.469 0.544242 38.4349 37.9294 -0.211126 1.28508 0.551369 0 1 1
662 41.5947 0.526622 38.5985 37.9967 -0.116149 1.30568 0.530765 0 1 1
664 41.7204 0.521306 38.7634 38.0625 -0.0175185 1.31409 0.522349 0 1 1
666 41.846 0.52846 38.9283 38.1284 0.0816634 1.31006 0.526388 0 1 1
668 41.9717 0.54786 39.0915 38.196 0.178276 1.29369 0.542752 0 1 1
670 42.0973 0.578895 39.2515 38.2668 0.269281 1.26551 0.570929 0 1 1
672 42.223 0.62059 39.4069 38.3421 0.351814 1.22641 0.610031 0 1 1
674 42.3487 0.671632 39.5565 38.4233 0.42328 1.17762 0.658828 0 1 1
676 42.4743 0.730416 39.6991 38.5114 0.481431 1.12066 0.715785 0 1 1
678 42.6 0.795093 39.834 38.6073 0.524436 1.05733 0.77911 0 1 1
680 42.7257 0.863627 39.9606 38.7116 0.550943 0.989632 0.846812 0 1 1
682 42.8513 0.933863 40.0783 38.8246 0.560119 0.919684 0.91676 0 1 1
684 42.977 1.00359 40.1873 38.9464 0.551674 0.84969 0.986754 0 1 1
686 43.1027 1.07062 40.2877 39.0768 0.525874 0.781851 1.05459 0 1 1
688 43.2283 1.13284 40.3799 39.2153 0.483531 0.718303 1.11814 0 1 1
690 43.354 1.18829 40.4647 39.3613 0.425977 0.661044 1.1754 0 1 1
692 43.4796 1.23523 40.5431 39.5137 0.355022 0.611875 1.22457 0 1 1
694 43.6053 1.27218 40.6161 39.6714 0.272899 0.572344 1.2641 0 1 1
696 43.731 1.29798 40.6853 39.833 0.182191 0.543693 1.29275 0 1 1
698 43.8566 1.31182 40.7519 39.9972 0.0857517 0.526825 1.30962 0 1 1
700 43.9823 1.31326 40.8176 40.1623 -0.0133853 0.522269 1.31418 0 1 1
702 44.108 1.30226 40.8839 40.3268 -0.112101 0.530169 1.30627 0 1 1
704 44.2336 1.27916 40.9523 40.4891 -0.207291 0.550277 1.28617 0 1 1
706 44.3593 1.24469 41.0243 40.6479 -0.295959 0.581959 1.25448 0 1 1
708 44.485 1.19994 41.1014 40.8016 -0.375317 0.62422 1.21222 0 1 1
710 44.6106 1.14631 41.1846 40.9491 -0.442868 0.67573 1.16071 0 1 1
712 44.7363 1.08548 41.275 41.0895 -0.496488 0.734868 1.10158 0 1 1
714 44.8619 1.01938 41.3735 41.2218 -0.534488 0.799774 1.03667 0 1 1
716 44.9876 0.950087 41.4804 41.3457 -0.555674 0.868407 0.968037 0 1 1
718 45.1133 0.879771 41.5962 41.4607 -0.55938 0.938606 0.897838 0 1 1
720 45.2389 0.810649 41.7207 41.5669 -0.545488 1.00816 0.828279 0 1 1
722 45.3646 0.744896 41.8537 41.6647 -0.514437 1.07489 0.761551 0 1 1
724 45.4903 0.684579 41.9946 41.7545 -0.467202 1.13669 0.69975 0 1 1
726 45.6159 0.631598 42.1427 41.8372 -0.405269 1.19162 0.644823 0 1 1
728 45.7416 0.587617 42.2969 41.9138 -0.330588 1.23795 0.598496 0 1 1
730 45.8673 0.554022 42.456 41.9855 -0.245506 1.27422 0.562228 0 1 1
732 45.9929 0.531867 42.6185 42.0537 -0.152701 1.29929 0.537158 0 1 1
734 46.1186 0.521852 42.7831 42.1199 -0.0550931 1.31237 0.524076 0 1 1
736 46.2442 0.52429 42.9482 42.1856 0.0442484 1.31305 0.523393 0 1 1
738 46.3699 0.539105 43.1122 42.2524 0.142198 1.30131 0.535131 0 1 1
740 46.4956 0.565831 43.2736 42.3218 0.235674 1.27752 0.558921 0 1 1
742 46.6212 0.603627 43.4309 42.3952 0.321736 1.24243 0.594013 0 1 1
744 46.7469 0.651305 43.5828 42.4741 0.397677 1.19714 0.639305 0 1 1
746 46.8726 0.707363 43.7282 42.5594 0.461108 1.14307 0.69337 0 1 1
748 46.9982 0.77004 43.8662 42.6523 0.510033 1.08193 0.75451 0 1 1
750 47.1239 0.837362 43.9959 42.7533 0.542913 1.01564 0.820799 0 1 1
752 47.2496 0.907212 44.117 42.863 0.558714 0.946291 0.890153 0 1 1
754 47.3752 0.977394 44.2293 42.9815 0.556939 0.876053 0.96039 0 1 1
756 47.5009 1.0457 44.3329 43.1087 0.537643 0.807143 1.0293 0 1 1
758 47.6265 1.10998 44.4281 43.2442 0.501434 0.741727 1.09472 0 1 1
760 47.7522 1.16821 44.5156 43.3875 0.44945 0.681863 1.15458 0 1 1
762 47.8779 1.21856 44.5963 43.5376 0.383328 0.629434 1.20701 0 1 1
764 48.0035 1.25945 44.6712 43.6934 0.305146 0.58609 1.25035 0 1 1
766 48.1292 1.28958 44.7417 43.8537 0.217366 0.553195 1.28325 0 1 1
768 48.2549 1.30802 44.8091 44.0171 0.122747 0.531783 1.30466 0 1 1
770 48.3805 1.31419 44.875 44.182 0.0242667 0.522527 1.31392 0 1 1
772 48.5062 1.30788 44.9408 44.3469 -0.0749769 0.52572 1.31072 0 1 1
774 48.6319 1.28929 45.0083 44.5103 -0.171862 0.54126 1.29518 0 1 1
776 48.7575 1.25902 45.0788 44.6705 -0.26334 0.568659 1.26779 0 1 1
778 48.8832 1.21801 45.1538 44.8263 -0.346534 0.607054 1.22939 0 1 1
780 49.0088 1.16755 45.2345 44.9763 -0.418827 0.655238 1.18121 0 1 1
782 49.1345 1.10924 45.3221 45.1195 -0.477944 0.711695 1.12475 0 1 1
784 49.2602 1.0449 45.4175 45.2549 -0.522026 0.77465 1.06179 0 1 1
786 49.3858 0.976561 45.5211 45.382 -0.549686 0.84212 0.994323 0 1 1
788 49.5115 0.906371 45.6335 45.5004 -0.560053 0.911985 0.924459 0 1 1
790 49.6372 0.836537 45.7547 45.61 -0.552802 0.982046 0.854398 0 1 1
792 49.7628 0.769258 45.8846 45.7109 -0.528161 1.0501 0.786344 0 1 1
794 49.8885 0.70665 46.0226 45.8037 -0.486904 1.114 0.72244 0 1 1
796 50.0142 0.650682 46.1681 45.8889 -0.430331 1.17175 0.664694 0 1 1
798 50.1398 0.603114 46.3201 45.9677 -0.36022 1.22152 0.614924 0 1 1
800 50.2655 0.565444 46.4775 46.0411 -0.278776 1.26175 0.574696 0 1 1
802 50.3911 0.538856 46.6389 46.1105 -0.188564 1.29117 0.545274 0 1 1
804 50.5168 0.524187 46.8029 46.1772 -0.0924187 1.30886 0.527584 0 1 1
806 50.6425 0.521898 46.968 46.2429 0.00663351 1.31426 0.522183 0 1 1
808 50.7681 0.532062 47.1326 46.3091 0.105477 1.3072 0.529241 0 1 1
810 50.8938 0.554357 47.2951 46.3773 0.201002 1.28791 0.548536 0 1 1
812 51.0195 0.588084 47.4541 46.4491 0.290205 1.25698 0.579461 0 1 1
814 51.1451 0.632181 47.6083 46.5257 0.370277 1.2154 0.621042 0 1 1
816 51.2708 0.685261 47.7563 46.6085 0.438702 1.16447 0.671972 0 1 1
818 51.3965 0.745654 47.8971 46.6984 0.493325 1.10579 0.730649 0 1 1
820 51.5221 0.81146 48.03 46.7963 0.53243 1.04122 0.795227 0 1 1
822 51.6478 0.880609 48.1544 46.9027 0.554785 0.97277 0.863673 0 1 1
824 51.7734 0.950926 48.2701 47.0178 0.559687 0.902608 0.933836 0 1 1
826 51.8991 1.0202 48.3769 47.1417 0.546982 0.832936 1.00351 0 1 1
828 52.0248 1.08625 48.4752 47.2742 0.517071 0.765947 1.0705 0 1 1
830 52.1504 1.14699 48.5656 47.4146 0.470893 0.703749 1.13269 0 1 1
832 52.2761 1.20053 48.6487 47.5622 0.409901 0.648298 1.18815 0 1 1
834 52.4018 1.24517 48.7257 47.716 0.336015 0.601338 1.23511 0 1 1
836 52.5274 1.27951 48.7977 47.8748 0.251558 0.564346 1.2721 0 1 1
838 52.6531 1.30246 48.8661 48.0372 0.159187 0.538488 1.29796 0 1 1
840 52.7788 1.31332 48.9324 48.2017 0.0618091 0.524574 1.31187 0 1 1
842 52.9044 1.31173 48.998 48.3668 -0.0375135 0.523045 1.3134 0 1 1
844 53.0301 1.29774 49.0647 48.5309 -0.135656 0.533947 1.3025 0 1 1
846 53.1557 1.2718 49.1339 48.6925 -0.229531 0.556938 1.27951 0 1 1
848 53.2814 1.23472 49.207 48.8502 -0.316185 0.591294 1.24515 0 1 1
850 53.4071 1.18767 49.2854 49.0025 -0.392893 0.635935 1.20051 0 1 1
852 53.5327 1.13213 49.3703 49.1484 -0.457241 0.689456 1.14699 0 1 1
854 53.6584 1.06984 49.4626 49.2868 -0.507205 0.750174 1.08627 0 1 1
856 53.7841 1.00277 49.5631 49.4172 -0.541213 0.816178 1.02027 0 1 1
858 53.9097 0.933022 49.6722 49.5389 -0.558195 0.885392 0.951051 0 1 1
860 54.0354 0.862793 49.7901 49.6518 -0.557617 0.95564 0.880804 0 1 1
862 54.1611 0.794292 49.9167 49.7559 -0.539498 1.02471 0.811734 0 1 1
864 54.2867 0.729674 50.0517 49.8517 -0.504406 1.09043 0.746014 0 1 1
866 54.4124 0.670972 50.1944 49.9397 -0.453447 1.15073 0.685711 0 1 1
868 54.538 0.620033 50.3441 50.0208 -0.388224 1.20372 0.632723 0 1 1
870 54.6637 0.578459 50.4996 50.0961 -0.310787 1.24773 0.588716 0 1 1
872 54.7894 0.547557 50.6596 50.1668 -0.223573 1.28137 0.555075 0 1 1
874 54.915 0.528301 50.8228 50.2344 -0.129327 1.30359 0.532857 0 1 1
876 55.0407 0.521295 50.9877 50.3003 -0.0310114 1.31368 0.522763 0 1 1
878 55.1664 0.526761 51.1527 50.3661 0.0682794 1.31133 0.525109 0 1 1
880 55.292 0.544526 51.3162 50.4334 0.165422 1.29662 0.539822 0 1 1
882 55.4177 0.574031 51.4767 50.5037 0.257361 1.27 0.566439 0 1 1
884 55.5434 0.614348 51.6328 50.5783 0.341204 1.23232 0.604122 0 1 1
886 55.669 0.664209 51.7833 50.6586 0.414313 1.18476 0.651687 0 1 1
888 55.7947 0.722046 51.9269 50.7457 0.474388 1.12881 0.707636 0 1 1
890 55.9203 0.786038 52.0629 50.8405 0.51954 1.06623 0.77021 0 1 1
892 56.046 0.854173 52.1906 50.9436 0.548348 0.999004 0.83744 0 1 1
894 56.1717 0.924308 52.3096 51.0554 0.559906 0.929232 0.907211 0 1 1
896 56.2973 0.994235 52.4197 51.176 0.55385 0.859115 0.977329 0 1 1
898 56.423 1.06176 52.5212 51.3053 0.530371 0.790856 1.04559 0 1 1
900 56.5487 1.12475 52.6145 51.4428 0.490207 0.726605 1.10984 0 1 1
902 56.6743 1.18122 52.7003 51.5878 0.434622 0.668381 1.16806 0 1 1
904 56.8 1.22941 52.7795 51.7394 0.365364 0.618017 1.21843 0 1 1
906 56.9257 1.26779 52.8532 51.8964 0.284613 0.577097 1.25935 0 1 1
908 57.0513 1.29517 52.9228 52.0576 0.194908 0.546908 1.28954 0 1 1
910 57.177 1.31066 52.9897 52.2215 0.0990722 0.5284 1.30804 0 1 1
912 57.3027 1.3138 53.0554 52.3866 0.000119282 0.522156 1.31429 0 1 1
914 57.4283 1.30447 53.1215 52.5512 -0.0988374 0.528371 1.30807 0 1 1
916 57.554 1.28298 53.1895 52.714 -0.194685 0.54685 1.28959 0 1 1
918 57.6796 1.25 53.261 52.8733 -0.284408 0.577011 1.25943 0 1 1
920 57.8053 1.20657 53.3373 53.0278 -0.365184 0.617907 1.21854 0 1 1
922 57.931 1.15405 53.4196 53.1762 -0.434471 0.66825 1.16819 0 1 1
924 58.0566 1.0941 53.509 53.3176 -0.490091 0.726457 1.10999 0 1 1
926 58.1823 1.02859 53.6063 53.4511 -0.530294 0.790697 1.04575 0 1 1
928 58.308 0.959604 53.7121 53.5761 -0.553814 0.858948 0.977496 0 1 1
930 58.4336 0.889296 53.8266 53.6923 -0.559912 0.929064 0.90738 0 1 1
932 58.5593 0.819883 53.95 53.7997 -0.548397 0.998839 0.837605 0 1 1
934 58.685 0.753548 54.0818 53.8986 -0.519629 1.06608 0.770366 0 1 1
936 58.8106 0.692378 54.2218 53.9895 -0.474515 1.12866 0.707779 0 1 1
938 58.9363 0.638297 54.3689 54.0731 -0.414473 1.18463 0.651812 0 1 1
940 59.0619 0.593007 54.5223 54.1504 -0.341393 1.23222 0.604225 0 1 1
942 59.1876 0.557931 54.6808 54.2227 -0.257573 1.26993 0.566517 0 1 1
944 59.3133 0.534175 54.843 54.2913 -0.16565 1.29657 0.539872 0 1 1
946 59.4389 0.522484 55.0074 54.3577 -0.0685162 1.31131 0.52513 0 1 1
948 59.5646 0.523227 55.1725 54.4234 0.0307732 1.31369 0.522754 0 1 1
950 59.6903 0.536381 55.3368 54.4899 0.129094 1.30363 0.532818 0 1 1
952 59.8159 0.561531 55.4986 54.5588 0.223355 1.28144 0.555007 0 1 1
954 59.9416 0.597886 55.6565 54.6317 0.310588 1.24782 0.588622 0 1 1
956 60.0673 0.644304 55.8093 54.7097 0.388052 1.20384 0.632606 0 1 1
958 60.1929 0.699322 55.9556 54.7941 0.453307 1.15087 0.685575 0 1 1
960 60.3186 0.761212 56.0946 54.8859 0.504303 1.09058 0.745862 0 1 1
962 60.4442 0.828025 56.2255 54.9858 0.539433 1.02487 0.811572 0 1 1
964 60.5699 0.89766 56.3478 55.0943 0.557595 0.955808 0.880636 0 1 1
966 60.6956 0.967927 56.4613 55.2116 0.558215 0.885561 0.950883 0 1 1
968 60.8212 1.03661 56.566 55.3376 0.541274 0.816341 1.0201 0 1 1
970 60.9469 1.10156 56.6624 55.472 0.507306 0.750326 1.08612 0 1 1
972 61.0726 1.16073 56.7509 55.6143 0.457379 0.689594 1.14685 0 1 1
974 61.1982 1.21225 56.8324 55.7635 0.393063 0.636053 1.20039 0 1 1
976 61.3239 1.2545 56.9081 55.9187 0.316382 0.591389 1.24505 0 1 1
978 61.4496 1.28616 56.9791 56.0784 0.229749 0.557007 1.27944 0 1 1
980 61.5752 1.30623 57.0468 56.2415 0.135888 0.533988 1.30246 0 1 1
982 61.7009 1.31408 57.1128 56.4063 0.0377516 0.523056 1.31339 0 1 1
984 61.8265 1.30946 57.1785 56.5713 -0.061572 0.524556 1.31189 0 1 1
986 61.9522 1.29252 57.2457 56.7349 -0.158959 0.53844 1.298 0 1 1
988 62.0779 1.26378 57.3157 56.8957 -0.251345 0.564271 1.27217 0 1 1
990 62.2035 1.22416 57.39 57.0522 -0.335824 0.601237 1.23521 0 1 1
992 62.3292 1.1749 57.4699 57.203 -0.409738 0.648174 1.18827 0 1 1
994 62.4549 1.11755 57.5565 57.3472 -0.470763 0.703607 1.13284 0 1 1
996 62.5805 1.05392 57.6507 57.4837 -0.516979 0.765792 1.07065 0 1 1
998 62.7062 0.985997 57.7533 57.612 -0.546931 0.832771 1.00367 0 1 1
